6,0.36927527403213395,1.3780841426567352,0.6174560077080303,2.0059681623605017,1.5888464506494833,1.554114946472069
6,1.52751428567473,1.453130332824735,1.1279356650003967,0.9754294346994444,1.038825074276169,1.2547039165372453
6,1.2643077367336923,0.972498788212789,1.1163174110241059,0.936894470930442,0.9882412621528137,0.5227928688258784
5,1.293543712255411,1.2979516130660567,0.5055950568347422,0.8536234207700327,0.6244890099021592
6,0.8165466545220821,1.3358173218267684,0.707814445679146,0.9574642596317644,1.3163079789250016,1.2243667009897972
6,1.671712856385976,1.1074201166776194,1.3729127209091254,1.1708218977354856,0.9430327660137197,1.0954654226791645
6,0.49921379269814636,0.9508805678591195,0.9743153970866778,1.090282858329762,0.9544831444108256,0.8290888874527371
6,1.217563316400603,1.3926349596489738,1.0436071473912936,0.855285216866893,0.8952004705609073,0.929438050992853
6,1.4116878462555047,1.4671917799592322,1.0598004100743237,0.7730987569230836,1.0566710761711422,0.971849895393077
7,1.0751807451535722,1.5278643580914013,1.1265780778520726,1.2693585936607426,1.1184391979905517,1.462617299536236,1.3561522533189778
7,1.3988334836579999,1.2522505519742648,1.4062248804729802,1.3812761031599694,1.0960508917006178,0.5007500932480676,1.3963883457120048
6,1.5074357298903358,0.722695091429738,1.6556425864158908,0.9551337299042384,1.4717549373581003,0.8250769887754746
6,1.7547383227361983,1.38167965827777,1.3352448165165438,1.1306653339262003,1.1144754933804764,0.6077907841036025
6,1.1087169018688299,1.1395118347899666,1.4036165400406415,0.8511505569457449,1.521111061663867,1.2536723700429317
6,1.023643329364081,1.2700793905182717,0.839283370768075,0.9786573709488265,1.305463904635429,1.1524919480879487
5,0.6549129226896607,1.2273734537986365,1.039251977094217,1.1340073834450122,0.702844467395316
6,1.324210594675441,1.1271234863121318,0.6669353918995522,0.7465608099643214,1.5961957161548774,0.997105731518398
6,1.2079399142545064,0.5792824493497762,0.913025655666028,1.338920681718299,1.2159968783432122,1.214505896579682
6,0.8058780233684477,0.6958209573825082,0.9973000201346897,0.8555462756692427,1.3134370107162023,1.1073255629321734
5,0.9390552650628047,0.9516201769820238,1.2749455358626267,1.0593549422351745,0.5511717512752111
5,0.5494636407858807,1.0025613634935153,0.8581280732683503,1.013258644529099,0.5974390920030649
5,1.1999878228419367,0.7632208863418549,1.3424022682313426,1.334009796960419,1.5515419342404626
4,0.8018814836682921,0.6202654700101351,0.8820626124588674,1.0343913924800798
5,0.6197319555993052,1.1216795449766095,0.7751190286800795,1.0380456710562593,1.0663840916229763
5,1.1532002236176444,1.0345511013465332,1.0041412259065063,1.7072332269800234,1.303777465951026
6,1.2337836841005574,1.5014650609621694,1.1538844996937796,0.9175080932115078,1.1733512580344754,1.0649048780993513
6,1.1664279537883435,1.4064578003133927,1.060730192181698,1.0569399188451012,0.7285144514108968,1.6027020161933045
5,1.5143749120890122,0.9615925959050332,1.1494623051052342,1.1837718291508565,1.331398097009146
4,0.46009924080913017,0.7800470131121736,1.0159604018934747,1.143831588508882
4,1.1402761846103469,1.4422432179053688,0.9846188898305839,0.6687880712673168
3,0.6169331598585565,0.8386492252694501,1.0749322936570345
3,0.8020019763103924,1.2578542291832744,0.5524766758827174
3,0.96075834255345,1.0451247969483188,1.047832871137788
5,0.9840140845305918,1.1461781425324578,1.1294875162318752,1.0045863030875357,1.245997275141176
5,0.6652302887887936,0.7424958016409973,0.8567501502943317,1.4023455597483747,1.168531366367521
4,0.7934295426887217,1.1434012422443216,1.0309911585981983,1.1862083500235805
4,0.6575684465942228,0.8871152968707151,0.8825754280600119,1.0359176950286662
5,1.032368046199198,0.998066540394892,0.9213141407456684,1.0719416725593738,1.2773004421254268
5,1.1187523488340834,1.0945691109278652,0.9390468767244547,0.761147490306171,0.6674817361979983
6,1.0874440452709884,0.9322403161831019,0.9068585769334215,1.5620817590873155,0.9191189624297162,1.3762868687328236
6,1.3188440982877703,1.2729707973504711,0.5950511445027471,1.2914043936223796,1.4381453932657953,1.1264171650725578
4,1.2710381557247852,1.017995417439909,0.5508188741537502,1.0966738527153135
5,1.0611114010059821,1.3103157893322694,1.1583941068072192,0.8820527058238259,0.7543093047406925
6,0.8490889536674535,0.9262040780632517,1.2012951489726194,1.1078146864126386,0.5070454711561332,0.9112380745693283
6,1.3296391654119715,1.1561477289416904,1.0027427588783708,0.4634983505775761,1.0598732995793285,1.2009468559593797
5,0.8855763975420514,1.614210897156839,0.7849812869312809,1.3033184603307573,0.8410113965513386
5,0.9486443731272352,0.7407566949039504,1.0110696609290364,0.6404481606852421,0.9115989529736883
5,0.7055633033997546,0.7383671794590472,1.0993643125197368,0.6492774962239912,1.0703763600135663
5,1.1615345818352434,1.3619038396320646,0.9500666760091688,0.6539929058226884,1.4465458391408585
5,1.1234671813537964,0.6871906640171597,1.3344864575630215,1.2393904146998593,1.0439709058381828
4,1.0339559646257783,0.43989527138802953,0.5683966376897531,1.3159900074494908
4,0.9499522255046963,0.7920559072006085,1.5057853031247526,1.2829318885233225
5,1.0416196521157015,0.9115633831133098,1.4934196938243427,0.6310996740044383,1.074567968203763
4,1.3082247347690756,1.4118124361781355,1.245823549268324,0.7042029133966493
5,0.8006100549408764,1.1077186519866196,1.4165767126204893,1.1967533235522667,1.0822752393900048
6,1.4265477722556386,1.0054605754476402,0.7103578344566811,1.3517537362681498,0.8847473774433774,1.002897737257428
5,1.2800239556132749,1.049092197035472,1.2757674019232945,0.5711593798388481,1.3547146940916608
5,0.745793541736671,1.4434614839976125,1.2022787331640725,0.6989754268472206,1.0653376039888884
5,1.376900314379509,1.3707628917129446,1.321750378914182,1.5475518630805711,0.8083451052162682
5,0.9802349553352142,1.0271490490771469,0.9243007792469605,0.8930688218960375,0.8642547103731736
5,0.9507369260855725,0.9484332769897527,1.3266908118124645,1.1294363743240015,0.8903017962021277
4,1.047479953877379,1.5056330579845203,1.0849338640501531,1.2714136955741115
4,0.7394099066729953,0.9804554525537008,1.3612534740437603,1.0471498485486253
5,0.4986369333920984,1.4541949171934931,0.7330976100463856,1.1007435796289093,0.9819240561153376
5,0.6945494247049168,1.0608498450380779,1.2094531499857395,1.1612484940435908,0.9163292855765433
5,1.2602911740482827,0.9049172992061006,0.501948227024347,0.9472907757696262,1.287049771608699
5,1.180358540651447,0.6892860371735169,0.8099176688145584,0.641689272991753,0.8964769388217844
5,0.9908979019110778,1.3989412808585713,1.3149885980268428,1.1938025481009515,0.8080944184750649
5,1.2644971283427786,0.6425941251582157,0.9347122824617996,1.4985049264974288,0.8741378238227978
4,0.8065828657739662,0.950807201297598,1.0503014816234058,1.0642642828979938
4,1.5052161501189611,1.1946115696326192,1.2037946275294147,0.819904598484977
4,0.8222275251343363,1.0264027564265235,1.2198853595632668,1.0596760272093138
4,0.9951399248679783,1.1787797242332894,1.1369382054903094,0.9573771950765427
4,1.0344989068035861,1.0200962677146725,0.5200505404463185,0.6917956818499242
4,1.4101578276506095,0.9686526019182817,0.9252998804045525,1.1493777079113825
4,0.7455004084429965,1.2721043014871953,1.4032134012695863,1.163090395189536
4,0.836119560972911,1.3714598837080743,0.9914298044599661,1.0604601675333893
4,0.9365549809456813,1.0890524432341095,1.1330095362445252,0.8729994137899678
5,0.7797223228702788,1.0348869018058295,0.9791093702255504,1.2884734012325567,1.0753329603772406
5,1.2053137868127646,1.2855920981204176,1.5363875702358811,0.95757073073873,0.9546725691311523
5,0.8214125052661141,1.041824445823595,0.9175667019845721,0.994494371826526,1.016061705644563
5,1.2793710495090622,1.2650035761667144,1.2290372497277926,0.8471798707589836,1.0981053709854351
4,1.0214221915909656,0.983473085006849,1.0649002640152607,0.8267425240318771
4,0.8602537013719783,0.6725178975043559,0.4818359501620692,1.3756272154706295
4,1.0561503691698337,0.8030279978081466,1.0756562451871958,0.8778326050746248
4,0.7589138474677469,0.8853089595824266,1.0652566438407791,1.2067569992634315
4,1.1020231269659528,0.8928244241923146,0.8213917824860458,0.8735603599498574
4,1.050917355765144,1.3370785550689979,0.899132331608058,1.1794298692780059
4,1.451114846633432,1.245747598600173,0.6769701599385751,1.0040922395431666
4,0.7229492325190432,0.7814934960832571,0.9866278614651501,1.0454312919661475
3,1.0722370067405025,1.01431348255937,1.2465259225909135
3,0.8286781450891965,0.9589746973855631,1.086153996415013
3,0.8286630922093989,1.0211358049299457,0.9283009895456542
3,1.0388866790007318,0.9497860599836464,0.8446937975522644
3,1.3149416584122393,0.49786487531227197,1.0131063072480353
3,0.8760361396316969,0.9601566381771275,1.1326429327337897
4,0.7875971670002903,0.7068815874791377,0.6780764382509437,0.9744339917364572
4,0.5261423954920559,1.4623469424345605,1.0761587772520196,1.4413428711998442
4,0.939854042392983,0.4871715872420375,1.142354874131043,1.2361407306564418
4,1.1833526698107522,1.2972676691581488,1.179428525439004,0.8583465423652309
