5,1.1578561386616917,0.6577060895948025,0.7540523447330852,0.8706492784092156,0.7631502333877632
5,1.2863156701981475,1.3868610334255207,1.4297578780017322,1.0898350575793065,1.4971883149766863
6,1.1238852296317388,1.130176602463129,1.3960390398643616,1.5781236572525774,1.4713317001571085,1.153118352507972
7,1.0894162854809066,1.2284614468204242,1.2617611232087769,1.1945566412333926,1.1058632256156393,1.1051272740801474,1.4525124335952364
8,1.0545615675830977,1.3567050079735707,1.3037965715493116,1.2170162237241025,1.0177532354132641,1.4847840880867642,1.7657709980407585,1.3832755835099628
8,1.2607112869979855,1.5955221707770157,1.0836065285290244,1.1892133030939815,1.4696137869532748,1.064090421634242,1.6278697047486088,1.4319358398734225
9,1.123046180575049,1.553555295225187,1.1586697012123741,1.1810907952195602,1.5372951201070693,1.1582821881051901,1.4205847387437158,1.120876472349252,1.2766187044598196
10,1.4370973450635194,1.1246375214378002,1.266725569230858,1.1516905106165105,1.3748316901422342,1.2187799223023101,1.5263271822630242,1.5470573039381503,1.0785733943409725,1.241485794236479
10,1.508866400046717,1.1403061743214418,1.6053496729576309,1.05418058422105,1.2999368563144345,1.4063011553178515,1.3303517636906297,1.5491200034977581,1.4403522649042544,1.1819757506300212
8,1.2562994233024563,1.203750974822048,1.2559820107997537,1.1343733958695892,1.1851103088773882,1.3305213180891766,1.5167153376633036,1.3693448063327351
6,1.5212640345163797,1.3282858699303535,1.2079583856272076,1.2860697025065286,1.3557273828437586,1.396252366799657
3,1.213105486546178,1.4545121642721912,1.4647168725009678
3,1.3548709663517207,1.1945006646042864,1.4445092426514414
4,1.3458041171735309,1.6370098917365299,1.2992530894013656,1.3426106559366102
7,1.559851099080883,1.2159965183697812,1.2533597883035126,1.5451126964511905,1.4328146825308303,1.2141739595339056,1.0428820514531703
8,1.6123914817666742,1.5362625935949656,1.5029927545276305,1.275216568105595,1.365810626926098,1.2880585386964554,1.2292090766739907,1.2226055314784001
8,1.2940350894101096,1.5384119928204352,1.0779319141790338,1.5597629714180372,1.4300299058826311,1.0502498670464888,1.2172703886871958,1.2844223731960376
6,1.4783347609875208,1.37778134508223,1.316905769556174,1.5156297892347403,1.0639810634979203,1.5186703872169118
6,1.5191653442432904,1.2350441252173527,1.4078403031905553,1.5412714840522077,1.2564336456140706,1.2638193827517705
5,1.2256523868969667,1.4521958926449896,1.0935678014168055,1.0676754566646938,1.2077236857519094
5,1.1602339577115472,1.3003267793480853,1.4043030102187672,1.159616910967382,1.2204879153797403
4,1.6180538083427272,1.3140980254663883,1.5411639825839485,1.3284976920093445
3,1.4333677698618148,1.3331869455973573,1.3219351096665988
4,1.3959511593069214,1.4709537578366148,1.4631899228745222,1.3638290099976285
4,1.1723247420950804,1.3908337795931438,1.176637980859926,1.275462778600064
4,1.1766655049074362,1.52287475237201,1.2453649626867214,1.450062482203699
3,1.4788649806955863,1.201437862902185,1.2467359871658374
2,1.2260169180813139,1.3293214720163469
1,1.5419987825321821
0,
0,
2,1.2794507540988183,1.3225293332786312
5,1.5130135506066715,1.1245707694651161,1.5728694304880588,1.3261560101496277,1.4603419219860596
8,1.3568458528833724,1.2137746657618897,1.54583501477474,1.5688626134430796,1.5396421456618934,1.4956902526668203,1.1935239594424172,1.3839051017646837
8,1.3267615009041287,1.1179342891148227,1.4187583118194556,1.5212153302437095,1.3094678689823165,1.5225458766276114,1.5050555810680792,1.099572104402913
9,1.1230550420204028,1.1330095093505885,1.4360445943614564,1.1403734539026347,1.5199083218055853,1.1781007152128131,1.4959295409889481,1.4792855352277012,1.4735108909238945
9,1.238359354760415,1.1769267935694883,1.4207643938869445,1.0911400934853412,1.529944575916203,1.1223316880953067,1.4708428358357204,1.331541238959171,1.3768848834827685
9,1.5252276002576486,1.5876558398124136,1.3798545651721001,1.2784432746395968,1.3202577921303722,1.164632573612623,1.477057041975824,1.1463766655353753,1.5619165916487874
9,1.177049587743916,1.08609671474554,1.2326476139928715,1.4473764139599905,1.1937726764772356,1.1002908424097078,1.1668432025103888,1.2040049751986668,1.1253884412435093
9,1.495531242460639,1.3949337211829766,1.4381293224372345,1.09038602412036,1.2023848492990534,1.4320914255852526,1.105502035278827,1.3905207937766162,1.4086782377190723
9,1.3054668281586297,1.0927568611270295,1.138341615717958,1.0932642105802648,1.5487042912119913,1.2849964055262748,1.4056061636599442,1.1402867281191504,1.2274841093031301
10,1.3483880617883361,1.1997106459647957,1.5272516856713694,1.2643939566929165,1.2887445976506393,1.271428619526762,1.4627001332665248,1.1956280629660176,1.2635443881203865,1.1321650396390641
9,1.2475697299220196,1.4336124695951755,1.2614531806120195,1.5025195454300075,1.2632617522187615,1.4007558861053349,1.358040768105029,1.465878901948242,1.2752667829686561
9,1.1409716008711734,1.1760915009225392,1.2540090359284808,1.523620614489187,1.0994781064378325,1.244566299571222,1.3067070603946296,1.1121570124488345,1.332552808313052
10,1.314768989919547,1.2296754281400484,1.1224495846514158,1.3758948125439774,1.4785192750491924,1.4412916077985776,1.5415335812838398,1.4469692055808845,1.1502255061142836,1.2912740560568272
9,1.3578038729991178,1.2445404650126974,1.2678291037671086,1.2151424663582744,1.218925618716144,1.2413876740238348,1.4706624486112185,1.3239325031407607,1.2301116086008013
7,1.4252819438395126,1.4850849155456276,1.0968750371568028,1.45106325700003,1.3520882068542321,1.3990091189398357,1.3321357604592556
3,1.3808242219671232,1.3187098685760215,1.230911154562334
3,1.5279652133175463,1.482687568475456,1.0863688264598945
5,1.4646847978030677,1.5158336615312202,1.0936773037955965,1.3585381303485597,1.4056489732495643
7,1.429436541283636,1.2970660329931247,1.4066485692971762,1.2636676365360455,1.5141253371535082,1.2498247080922142,1.3394137914503257
10,1.4843973934156065,1.1666719279574895,1.364063078638055,1.5126823544722081,1.3034947518063218,1.1027343342117966,1.339891085378036,1.160188071287304,1.4035125905499102,1.4848926467990777
10,1.3779500291960824,1.196983346819212,1.2697857197799889,1.1813242654056448,1.193280777980761,1.2774051679042537,1.3553349243743942,1.1522775016754376,1.2703369784654122,1.167719062844021
10,1.5008802469959968,1.1089358223215755,1.141434249389462,1.4678320824092288,1.274924743827884,1.3840482729357133,1.1903202243282092,1.5134847787508465,1.5552763060444785,1.2951971328138645
10,1.3508035815486303,1.4718591960904421,1.1778873963165999,1.2743417545644768,1.3240095628408592,1.572701287897089,1.5004177863883341,1.2995991908811269,1.5556279725713384,1.2665770766093187
10,1.1347161223792896,1.5479031403820802,1.452686795870425,1.3772586675663692,1.5148847752405894,1.2569618733140115,1.4138253921402595,1.36704447338997,1.1092481420377007,1.5296030131744418
10,1.412853973153099,1.2435171536067187,1.3716701097249384,1.1717047070585473,1.128969563736561,1.1817524994999553,1.4921734041958077,1.3422582587976486,1.4823990479418703,1.4188875589936238
10,1.3445401358204239,1.4456804759075617,1.1771187368719853,1.2826264799634832,1.450614130233051,1.3590390140448934,1.1136753806041226,1.1192535520016524,1.4867912540081445,1.1486331804732002
10,1.5668126068093684,1.5294936360020468,1.5412279056785467,1.4394748751510036,1.3706148192760286,1.5182888247861492,1.1124767673983653,1.464905185410299,1.3503226885312114,1.142413696917139
11,1.495450897141666,1.5470100953962997,1.1800884512866274,1.5528213595602032,1.2307762081824694,1.4414807853840343,1.1091603584658996,1.5220800586763013,1.4585259689429961,1.1557118982149288,1.3829173486790072
11,1.1733356341150976,1.1831398696206228,1.3896644437332821,1.5173491886025743,1.1222753072833338,1.0788332406388585,1.0800495259512903,1.1785001788835356,1.3554820724892682,1.4092279288829772,1.175164629169251
10,1.1184440359348202,1.4142586760212768,1.2359324131076266,1.166889632516281,1.1044929032362658,1.0800408620367827,1.2048722439175092,1.1725470149869186,1.5315055520119722,1.26439286951571
10,1.536661678224485,1.21286972640239,1.2048072289118723,1.4719233313505853,1.3547619190026499,1.2772966187028503,1.1896251064365229,1.250737757508183,1.4986028039099983,1.1663360117651664
10,1.2198877556424694,1.16419539861673,1.3153041360386049,1.0781210360726268,1.1191544281169319,1.519839603761696,1.3656056713048321,1.2138444804089052,1.221490337547458,1.1097659147354637
14,1.4723265710309683,1.3883181666317403,1.2374526377345545,1.402106363921622,1.1280986422422665,1.2651133082383674,1.4317109070934655,1.363952478044945,1.3239625745021195,1.4358315556250827,1.1708525774518288,1.1043789690904302,1.1059725427842553,1.1032415744547301
14,1.3142284667923227,1.3091376357133893,1.2874692587159253,1.0447279038362516,1.2425412031626004,1.3752885806710151,1.422399906671407,1.2124024340230202,1.3557801002439889,1.5121955114644214,1.4031830861887855,1.19410397089663,1.155817541906101,1.4026475081531116
16,1.5065123034977026,1.496745864151341,1.4445592557294937,1.4798469007050283,1.4956931129980542,1.3384800586087446,1.2947298092350834,1.4089979355776692,1.2937162154945987,1.509138862228689,1.1288273977066994,1.4386534639719093,1.207988916876007,1.428302621116592,1.2376170063749377,1.1237544317226331
18,1.2471763961456241,1.4246919625365742,1.0712935452757484,1.3459353138140135,1.2610582282549614,1.43889663400013,1.5781167495491468,1.250872593861791,1.476879219645599,1.3979349861022463,1.1672238255406044,1.2074189863719929,1.2443104653174952,1.263546108497069,1.0999201106971452,1.1638126884051663,1.5146920805565993,1.222372026127805
19,1.3957242533595984,1.5175185186695561,1.3466077200396245,1.2975131487668927,1.3497310060480543,1.339185214746373,1.4321869750122245,1.4860018022050017,1.2046907361213812,1.3494774837796906,1.4370257065659044,1.1122903158471722,1.1888545390584264,1.4212499985811053,1.4424071384568102,1.166514743091955,1.5083520966411685,1.128805084412416,1.4512026705562837
19,1.414156339587614,1.2288483953212828,1.104714055434294,1.1720872105945583,1.3162107637947118,1.0845311553448604,1.5195363817043994,1.0517494040388518,1.386981941000192,1.2240155647870765,1.3611902891717957,1.5119012810102745,1.3961139354911978,1.2674447775260398,1.5119665995913798,1.513342738944318,1.1002567557827854,1.4398185699719703,1.2109762755888875
21,1.2331760603678452,1.4034627531140822,1.0880843867177568,1.4066480748075831,1.1059575509107498,1.2513901549497497,1.5262854186954207,1.4434474093043608,1.5432575153505894,1.3275872146827692,1.088575550465773,1.1449021153933918,1.099611202668273,1.3910294944643373,1.5447661892639417,1.3028984894765434,1.5145324122844572,1.1847348233986899,1.35243029023789,1.2925788976235102,1.3516406635190579
22,1.218430591583585,1.2331785350721862,1.2522896825174363,1.4552752556942519,1.4325573003986651,1.5388348647321535,1.408170573908443,1.376437344752194,1.1468331252546446,1.4176290524644712,1.1318969692887366,1.1308386438773013,1.4052723626901695,1.3428810521635284,1.1176630186729815,1.499545867910363,1.0993403826602892,1.413611105256278,1.4231095537738632,1.5706599072955088,1.4338061081938327,1.548770184753057
23,1.5385994014742026,1.2543056389966285,1.4100568341275792,1.1759509673347732,1.2360459936599915,1.1683116041270565,1.2126162860846246,1.066891139006797,1.475749265853425,1.2381709175321067,1.2345509975118045,1.101092290889639,1.1996123465173638,1.5206541094194626,1.445815413838899,1.529979238656935,1.5074661265570442,1.331287424076404,1.5233513430933696,1.2662267359407622,1.151922714451238,1.3958074106438372,1.4191152224425514
24,1.5026795649291689,1.3116275761763259,1.296751938642046,1.5073516843931425,1.2545714946027569,1.0683793724703647,1.3136946065137793,1.224545619148667,1.334570914048688,1.446808223264475,1.46085684509591,1.2781544229576773,1.1445731534439105,1.4055631176052377,1.1374880863412629,1.1797382462098394,1.4911880251748555,1.1737203350807441,1.3501357919019552,1.0617347107144055,1.1687683370924495,1.2797529203377713,1.140797878642106,1.0891284626071782
24,1.2835733843779311,1.5706496497619766,1.3812459685539884,1.3533121588560186,1.2999781741665837,1.1715986724799918,1.1088763562560626,1.2096926349056258,1.3352355069380681,1.2561939444732941,1.4167966925144968,1.5479027634124827,1.0998291227312675,1.3317491007603706,1.5048892212517508,1.3158904802336453,1.3669603977497482,1.1900319518849383,1.104498899094672,1.4193325707354054,1.4266113578714203,1.2563743431969534,1.4874395696612757,1.3862344891939389
24,1.3047574131737767,1.1837836746194461,1.5213363441340368,1.4776148207597752,1.4689328627470795,1.162127226954447,1.1817195003542391,1.4254220773335096,1.1160880963151185,1.1334280533101322,1.2610564500002301,1.2114347298336368,1.204988540718817,1.5075970980246083,1.4539975650858417,1.0834625096075032,1.1648051462970384,1.3631069138481955,1.1767983644663784,1.3074924588094858,1.3251584496101028,1.4908387433690158,1.245065058773692,1.380586353391903
24,1.1037356966990877,1.540773868590017,1.2235600131924154,1.3068916478668096,1.1169258626766527,1.3942241162390505,1.3541480594283453,1.0924572203499556,1.364153637158058,1.1817895196412151,1.3542548018885967,1.2999404431664638,1.123510713966347,1.4681925923472448,1.4645127235789799,1.0725492079587318,1.109551019590259,1.380309500370242,1.1222970585124106,1.4376735927552184,1.5373800728226206,1.434070365684141,1.2378092977250168,1.5414894194518463
24,1.1681911476948423,1.5900094406245429,1.1293441273287212,1.1490977662905215,1.5383691158327832,1.092087192604272,1.0943163437195367,1.5557341552238728,1.1130926573804218,1.5465295057242159,1.4269961009220649,1.141253044532408,1.4083316773297059,1.4958829181798188,1.136987730475378,1.1917934388021783,1.2448760194129382,1.49338820119437,1.1908596889122351,1.0888986950399888,1.275097607667015,1.5170310721283549,1.4704146263863829,1.0744025379342357
19,1.483711636061006,1.1600696382235045,1.379678313678398,1.1839267321586138,1.3741639906620537,1.2707767982448233,1.4697511535542394,1.4238783152153691,1.194524217811936,1.1375571981726373,1.343892130897999,1.3918393861837672,1.1406508748506188,1.3448694014432447,1.2881429691751107,1.5374591306734886,1.3676439713370963,1.1515184550298614,1.140575072059285
11,1.1992469714829719,1.180378884636973,1.310985285352309,1.2278239570677574,1.2892041035364827,1.3726090982331438,1.2644346719211594,1.4411190877770599,1.2237920117612693,1.4021191924386371,1.499508854976403
4,1.3899503819342989,1.4882035119222985,1.152477276220297,1.0648712451577305
0,
0,
0,
0,
0,
0,
0,
0,
0,
0,
0,
0,
0,
0,
0,
0,
0,
0,
0,
