3,0.8382392790890141,0.7005256965816619,1.1894927480726085
4,1.3913043319454168,1.6616524111858724,1.1998062588877012,1.4235311465408769
3,1.453361987797529,1.599369568386938,1.2652136920223211
3,1.4889094832642533,1.6344513474227829,1.1029349729035398
5,1.3626756139770593,1.3735660808153631,1.3595810047115884,1.0569871996858797,0.9849417773708118
5,1.0637015388436657,1.306270083040945,1.515455370833263,1.530674054650579,0.9416848414300595
5,1.1942587833289169,1.2986419476241968,1.3015155053517309,1.1196598815548968,1.085586016819222
5,1.4999922550636582,1.3935164762179522,1.353615467063459,1.4922260939480454,1.222781252695938
5,1.4383590657787446,1.2556192552390169,1.6243923967100116,1.353476313918758,0.9819609042239377
6,1.197065310025627,1.09234429440209,1.7032910041021458,1.3815130366332902,1.1654939456501556,1.1944503646473217
4,1.5845436267305721,1.5471411090628098,1.185295415802176,1.2854825140403294
4,1.44385723022443,1.2194797293840356,1.0536901934879819,1.5448425389571638
4,1.2815361907213605,1.3491876729987569,1.404180125692473,1.071026288296835
4,1.4430625657208753,1.3106044859680317,1.4287323760847963,1.2961985379557759
5,1.5469248780586966,1.3385506240577525,1.2442646512255515,1.4481617019835669,1.3434458564311331
4,1.4045986809488042,1.298121149122829,1.4024207079847388,1.1856296788911758
4,1.4731498643979086,1.3976747980634803,1.0716256120885488,1.3458506402800035
4,1.274902044158973,1.4556332445069369,1.1458664479900458,1.3330223419566964
4,1.5469126739513883,1.5031278133467565,1.3841293108736763,1.1716334299750877
4,1.2980799569530135,1.1578192357406143,1.3467744487183426,1.346725440432658
3,1.0682826788461952,1.2172309691367134,1.3212723351263638
3,1.4026422906239513,1.488537542315785,1.1101163582034657
3,1.0991378343269025,1.1800883138432283,1.2519520916745388
3,1.1318848515310769,1.2337339094270612,1.1384229567892339
4,1.1058471244596018,1.2791927949878759,1.3129712206326303,1.1146492820151719
3,1.4163014751279162,1.4276906130433837,1.360155019885542
4,1.3627149512598262,1.1187033136053075,1.1978859811603573,1.5478902994043673
4,1.4412776289282059,1.5338627830195875,1.0738559814687596,1.2363730915880442
4,1.148813101645416,1.5311961918803405,1.4291187899786408,1.4992543584284668
3,1.2065721877414957,1.5005903514383425,1.1313004164786669
3,1.4523649998295551,1.1106321204428093,1.3039770702527813
4,1.367753824485643,1.1688579822499168,1.1214381597260936,1.2265537615492779
3,1.1751069023535263,1.3042073832821128,1.2237473211689516
3,1.1008735855340073,1.165072823904683,1.4606117484529848
3,1.2377249374493786,1.23050750785029,1.0514146102715038
4,1.5036145534577738,1.354255313178854,1.3964615928715518,1.4044744010918988
4,1.5160389591240884,1.0620199769924126,1.1855646332156045,1.2588643035934277
3,1.0698826104129486,1.345045445144476,1.4161931328248858
3,1.29932781651389,1.5474213031774215,1.3885141092075586
2,1.276579662010531,1.5422963653350823
3,1.530645640435201,1.3465042452082878,1.2794111500477274
4,1.1919439939356136,1.243725250877941,1.4207428807133342,1.051628717700246
5,1.1929789098774188,1.2508977259761391,1.0845166586218187,1.311541396357505,1.53548175217985
6,1.2367999162665075,1.2432612874189528,1.5212965535082268,1.2367370481373172,1.5205671136271903,1.3823901372328082
6,1.106241973591972,1.3834108930367257,1.461197451931928,1.3944050828518382,1.668228392928342,1.4558689504773337
6,1.2473499398988868,1.2310346990498484,1.5329211339563888,1.5454195074902464,1.5061869003466335,1.2266350516986235
6,1.0877319653124302,1.415445473108101,1.6627432897946852,1.4341910336257835,1.4509292599646602,1.102616750593558
5,1.6336745085571855,1.425004213613472,1.3777737241455827,1.5301143931166996,1.442038348138379
5,1.2291908109454284,1.569420717209464,1.3604904741326638,1.4946342944388302,1.1299267385564877
6,1.5335796098199599,1.5569062540648884,1.3609843237281858,1.4234848579525912,1.5031810498914706,1.4651838767570735
6,1.239280749561719,1.588871922999117,1.37433261622813,1.4148699211815654,1.4286938095685617,1.6655612563952005
6,1.1739590070534154,1.6293548166153902,1.2667996029268385,1.4663965226021285,1.0834169872564037,1.2158052783249058
6,1.102113213562856,1.6385277550747257,1.4809358078690027,1.4474708726562826,1.2136981024874953,1.4339078968616659
6,1.1686754355312414,1.2253083826367182,1.1482350101767844,1.209697658821398,1.5246676350703687,1.5337227810671166
6,1.174973802887233,1.3947232671977525,1.2279334853392176,1.605225778977581,1.3613855426297377,1.1242096786675697
7,1.0620734240217637,1.4952151396094449,1.2781322913772382,1.4534666172778339,1.2345742267009985,1.2351007518844899,1.2256385398668903
6,1.1015998191069993,1.2874702726950586,1.2908160978387453,1.4440561125188418,1.2886421361543277,1.5732598672434233
5,1.3976927842654812,1.5292686674385643,1.4129701302920386,1.6383459975328194,1.2275668427820279
5,1.0975622944348873,1.141107363429789,1.5402768326120977,1.711472785573661,1.571242218860063
6,1.4361079997463184,1.5310783415878102,1.4696473698660781,1.079924777689966,1.352653484812955,1.4574533586458853
5,1.2602540639240571,1.481121304897071,1.4187770403882294,1.4174013793196614,1.616188359586442
6,1.5375507475846444,1.4597496779433476,1.6720303622836452,1.5712154425605698,1.3875067894921458,1.3993193601592928
7,1.4351482047024295,1.5180271493018587,1.522145438561375,1.5691609211364337,1.464145056575373,1.4780082244280652,1.445088866152246
7,1.2713924264306162,1.0746244098235003,1.092067810649302,1.402938225579411,1.3239800617922415,1.2025596637047962,1.2862768592151002
7,1.3442646548072366,1.2499440848092582,1.7210630390866146,1.47888383849734,1.5960909499401517,1.5438847292338904,1.5104354322992817
6,1.6417423972722598,1.4659277824608947,1.4974497747816085,1.6301200643319718,1.185509306125974,1.623538913004488
6,1.5456267327416975,1.2632622479258728,1.329695477020003,1.7277687838397153,1.3670061296213556,1.485682969420358
7,1.0558738078897782,1.345086484996519,1.4267590032753152,1.4183479532663563,1.2861127640814662,1.207902526135884,1.5913687644167271
6,1.2409388257377756,1.5003199880473097,1.5363441277520493,1.405738661710533,1.4378504521018483,1.2747294304042025
6,1.0680949730796294,1.6241679923189467,1.3731960583924563,1.309807812934555,1.332972190690219,1.378711287600884
6,1.1975402140245521,1.381639752190452,1.3391371246693944,1.257429638295041,1.3483111325765555,1.5947765477033673
7,1.4528365292117764,1.4173817310774892,1.182284495680764,1.2174900415230678,1.2179838411139177,1.4636638376163211,1.4037401368524725
6,1.2267008832349602,1.4399343485239258,1.3179557922238276,1.2658979120517253,1.3041751202290157,1.1370725738115568
7,1.3948625378930122,1.5827929272549106,1.6281384661498992,1.3185593129103705,1.4955718968050467,1.2538868279922657,1.5335462640725799
8,1.278044108844539,1.4728927093007085,1.2407007666577765,1.2649291039757093,1.3969412132114614,1.4830304099844547,1.5437698610505592,1.3239235388083335
7,1.4915498699658698,1.119511399570907,1.2966736349007932,1.432499278786513,1.4913971828725623,1.2608674511153604,1.3777755682458057
6,1.307240517512689,1.2515167876392812,1.3889174526203298,1.382351347353649,1.3047901279638472,1.2027238307365449
6,1.0906957055102608,1.515075862021499,1.3485733832831677,1.4497392576842874,1.4488177886365947,1.629303170123154
6,1.3371297658546288,1.506926543962537,1.1365501704799807,1.3316026615044791,1.3289502860756306,1.5956562283635234
4,1.2628084170510474,1.4992678537307536,1.692976330068998,1.120410341674876
4,1.6660837193941769,1.220758703835388,1.2540855308868437,1.4028557986895709
5,1.1131462441062931,1.2697598064887983,1.3474484496459442,1.1841649691837453,1.3038866241666074
4,1.233308534771012,1.326915683200359,1.2861927403932458,1.5273874715772107
5,1.1795436970629667,1.1897169063463802,1.526903822382109,1.247296323796088,1.2666681161456803
6,1.3886196468935799,1.3677468700100064,1.2769630533585772,1.630717599083092,1.499727875521886,1.3022920479035796
6,1.1575974359105805,1.301060582542798,1.5324719223305134,1.5178991280946224,1.2416547114706926,1.3484038301311883
5,1.1803837162650341,1.5485201519798368,1.4708443333698205,1.064034907350208,1.2701213631192905
5,1.3372598303720484,1.4879690742799814,1.0586101529924759,1.5284217395491855,1.4413831213815345
5,1.0810593152521253,1.5410672816809325,1.13677785020839,1.108450244439136,1.3626277495281036
4,1.5368142695237188,1.1550317618468509,1.1693351443156412,1.318996012351078
4,1.3448237516950694,1.4780832341003403,1.243100135961492,1.3132092633839192
3,1.221580173628753,1.3632013874627325,1.313696240643627
4,1.4810080012932751,1.4228094807841472,1.3758552015915606,1.4455394068526208
5,1.4752156405358843,1.1683800189123494,1.1204839814503245,1.230813745937635,1.3428733344858097
5,1.0890307900382734,1.0836677029172646,1.6560188794946413,1.3902200271306957,1.346799365656786
7,1.4517811709892738,1.477788975673115,1.4361052740084002,1.063077133112241,1.487347293948105,1.5110204182928784,1.3765813596235168
5,1.472466131531396,1.0664401865901092,1.640871012282823,1.488095890699434,1.4714792217055352
5,1.344280566913384,1.5313700716114855,1.4684516461905759,1.42462784391418,1.325896879186997
6,1.318899323100396,1.4157496828093794,1.3384884572250295,1.6496814124653778,1.3722542263350717,1.115712293986033
5,1.0677314249256575,1.3157029921991434,1.6677187836111118,1.36871647162063,1.3449964530903866
