3,0.7972378874756205,1.169603090561305,0.6146262287698017
4,1.0604386958985157,0.6358923951312683,1.348088797863437,0.7328778601874801
3,0.9033095550672332,1.1758592560137255,1.2325796746673146
3,0.9880433538586859,1.0686491707838548,1.075932104799523
3,1.1102758311981034,0.8940562149892954,1.3387405844335736
3,1.0444473575423967,0.8674229231453425,1.0526338895848253
3,1.628049922587597,1.5373230843724903,1.1644469169847553
3,0.6236494314024983,1.0006074654579407,0.9109913912513913
3,1.5235092532028782,0.9736642488083258,1.03465972082459
3,1.5346894760075336,1.0800514326220654,1.081808129852466
3,0.5962674015687885,1.0851663530543272,1.080619954175525
3,1.10235091349244,1.026755725186177,1.070597301768633
3,1.5057451961844102,0.7038297107611454,1.151973740817634
3,0.7818214611852519,1.1621607392025968,0.9737615055990317
3,0.7432076916130833,0.9523812917112096,1.3359838636276873
3,1.262144582332006,0.6590172840758446,0.9941807941639071
3,1.2442089786687043,0.8446143910814452,0.7692747103186638
3,1.194618941026458,0.7051485359891265,0.9805173894760483
3,0.8330313552287893,0.7391083069093393,0.9841858875512958
3,1.3451242160648875,1.3856775943112922,0.5258948970105984
3,1.2541803649245595,0.7775437454308118,1.234285518018171
3,1.0658316942814687,0.9462505257531517,1.2932545860631524
3,0.8351673748213526,0.4325019635261264,1.0844904202009067
3,1.3064301384327042,1.4627284415536157,1.135735855068891
3,0.9460667826442657,1.46120410320505,1.290455643215679
6,0.885980235329969,1.0309791243513249,0.9764035022273534,1.1322806723716958,0.8906354563511212,0.9292900209884403
5,1.2965695572801852,1.3870420699049915,0.8174004790370489,1.1120704069084983,0.9001253441545726
8,1.3560723362467322,0.7286731843059454,0.5873237695913254,1.1921151907392467,1.2344998266879497,0.7766444646106972,1.198303724971996,1.32143557559014
8,0.8168101805685021,0.9104469634090023,1.1974524192349256,0.6848675583710438,1.2237810628676835,1.186326812875195,1.1448508368635961,1.185667348244483
8,0.7303269892585773,1.2240970071912198,1.0969246599691438,0.9260869615439886,1.3511564717129803,0.7570625294788679,0.5540546619020249,0.9613490648932944
8,1.0062214512355143,1.2306473774404483,1.0151001792252352,1.1533766863095885,1.0706732994740238,1.082235045799474,0.8654205902071742,0.9552343413048587
8,1.2228827587157396,0.8257083349575196,0.918636153346753,1.4240696013837728,1.150777548639474,1.2918295282850805,0.7279960255247527,1.1851407953695714
8,1.2666084329760012,1.4130746444569484,1.1132199244197156,1.0607010644491806,1.3030457863211284,1.0965860974649544,0.9788141887489928,0.5721450966004714
8,0.7120527773489129,1.1651639801181861,0.8079444486486234,1.0081396917968406,1.177839956678072,0.9934299749503366,0.767890880553748,0.6283931027876155
8,1.2753487319301269,1.111468567964665,1.021490157380402,1.0369118087729368,0.7480386238888738,1.5027242340105915,1.3162862684512058,1.252276685207304
8,1.3873745488095186,1.1326061018683546,0.9212376673710955,0.9155369721770648,1.400472418162859,0.5145567969970648,1.5812986700043348,1.1073283265709093
8,1.4707151553194127,0.9352326175468134,1.2486578307757679,1.1150755516524105,0.6864277429219535,1.272859922886452,1.5797148384796653,1.2516216064837609
8,1.0094918914281272,0.9701306555021081,1.3285088038537407,0.5421350007064419,1.1145655283525444,1.1099737057794246,0.7232657879709823,1.2527568358467935
7,1.0789920067647922,1.2062512988722902,1.021853541149849,1.5293286636850805,1.0827213553091872,1.0423502047981104,1.264131773424306
8,1.149790289981422,1.3903662401023436,0.6579742969980719,1.0193769343504155,1.344548003064531,0.9833458196163976,1.211044070960054,0.8644782593913178
8,1.2811453600655243,1.0335875030142692,0.7946266678760033,1.0441908184903308,0.8641727846454065,0.9581924337736999,1.0415065617514185,0.7553690820807939
9,0.9088296463712764,1.3276612805483143,1.0145338091902776,0.9349509282742716,0.892119887726718,1.2920094218995977,1.186145111457369,1.5214474886369158,0.6335542955699027
9,1.3691543679397409,0.8081478086691055,0.7395951695724255,0.9529146490632293,1.1039438542030584,1.1177778433577734,0.7087727778973625,1.4726293808178532,1.2411244175320555
9,0.7703820644681104,0.9833986466416373,0.7627859381463142,0.8099758300524695,0.643662234877467,0.9751917377430603,0.7576702099872785,1.2464343929850954,1.42268922779004
8,1.470220696196142,1.174012622455514,0.7401622988168648,1.0305038329080551,0.703072553814907,0.9114133975396225,0.7246264326000067,0.9090788630871116
7,0.969022500274135,0.7659948338612019,0.9119335079963797,1.3994931558912342,1.2242425279142222,1.1428052281237393,0.6563572638414817
8,0.8177068641915108,0.9942772724842895,1.5151301933307844,0.9383004043555038,0.8998689227536671,0.7287966191949804,1.0749000442036778,0.8190530165839399
10,1.496121846072106,0.834461498412436,1.2002015433257769,1.1404931023198186,1.1299976806390342,0.5595954393331977,0.9556102342815841,1.205282492404444,0.9172958139546384,0.8934757963857921
10,1.1238912031225483,0.7972619137970248,0.739110652520582,0.7559169906602341,1.1990094504502957,1.0744445498761597,0.8170597232289579,0.6055750678975106,0.8557668346700473,0.7795639169269946
10,0.8794315645174161,1.151137654199985,1.4603628930852197,0.6652877066416556,0.9596051482211506,1.3006318535536188,0.8252790662752097,1.009519598668053,1.2374972282896692,1.2591376251363118
9,1.0481273915007545,1.3693654187725934,1.2653588157587814,1.4222597180344658,1.391476620565929,1.385848532242534,0.9745960143106407,1.3787890350677414,0.9896909128111714
8,0.8894663210713349,1.144493357366483,1.139162045120886,1.3345237219622117,0.5600919717955951,1.1108771433775433,1.2127509637776859,0.5609425487863609
8,1.1784954939386525,0.6790502786612137,1.2052355133545796,1.3392690822895075,1.0008324569562725,1.054211924245942,1.3029826079888094,1.132114627563287
9,1.5182583975617339,0.884260394555833,0.9358354439691896,0.6035701322409854,1.0447736600429651,0.5106358177076654,0.9234075242295658,0.9133937753386152,0.7414009071225343
9,0.8101473517259056,1.1701413235536786,1.132853099979102,0.7147161529631608,0.9084296724783338,0.9836323995069397,0.7845085627057002,1.58358492900362,0.6339670706841884
9,1.7826426368655117,0.6973522547077745,1.0110249150293187,1.1723273591632284,0.6970516029337562,1.3573828307542133,1.375964117413192,0.4028640788533457,1.12091565940802
9,1.6147931541248575,1.0551461002837836,1.226708888789056,1.1050850782030677,0.801118557978457,1.271110973718298,1.5673577787369615,0.8847538379137885,0.9799894782460403
10,1.6190841613668445,0.9051402725739319,0.9750822161748958,1.387409204034664,1.0260789878549756,0.7616031464674229,0.6444198266787632,1.0600858357128418,1.0672297541431723,0.9306137262506387
9,1.1529178776156077,0.9593859659685003,0.7670826250627113,1.0443151209599681,1.2169104503574706,0.7688662788601827,1.478361641626411,0.8596370751660636,1.1421091516466906
10,1.5209150999554761,1.1293901772928387,1.3871035058758154,1.2060726415314078,1.1340385844622538,1.036791165487752,1.098499061892013,0.9843273095806333,0.7638911701558189,0.8895260618792815
9,0.946838446523295,0.5908040964307901,1.0701781223333087,1.3107189655396474,0.6542349148672322,0.886706087861029,0.9857545137262183,1.0613289428003043,1.1369684374155584
9,1.481819886460453,0.8100695191697139,1.3905931524980253,0.7685816262960238,0.566160217478368,0.8950751930131978,1.1789698692820678,1.3401943186137386,1.479658133116611
8,0.7038571248286203,0.875925740566256,1.4740919964212968,1.2081135635163045,0.902733636457333,0.7897538258926355,1.431414396798214,0.691756806432006
6,1.0636454389933199,1.3899201857619765,0.7958879795455358,0.8512409865520195,0.6730379331856136,1.0831786499733642
8,1.461049265373413,1.4299551096259833,1.1229223759867522,1.2015043703696109,1.0396816200453751,0.8013966851863037,1.6463043469016936,1.0881437375991172
10,1.104422493328491,1.0998834079834343,0.8295668668648793,0.8917385693901486,0.9382260190408576,1.0430447263477804,1.294356958920421,1.3427885635769015,1.254750808267684,1.3749045456292481
12,1.1447621232380736,0.6267590865818226,1.2900378192913937,0.9628473180395608,1.509798276268333,1.2685490279723468,0.8966513855702929,0.7549110699841456,0.851544400375034,1.0376172979434939,1.4559617913881628,1.457877501507055
12,1.2321328027323504,1.1328101595210485,1.11735551207004,1.0585325178489697,1.3113932112350812,1.0414243908616452,0.659586138469236,0.5581862478757519,0.47685375483474124,1.0092989525695202,1.454407870324881,1.2684126026303801
12,0.9551853507644894,1.2065548012002185,1.3145046009054489,1.1176806792360066,0.8401497800050716,0.9748934260006673,1.0545397817450666,0.7387621268671833,0.6469893943486795,0.9235563912828807,0.9035716093251119,0.9641937857665832
11,0.8097375573107276,0.8654466043226058,1.1074268613313718,0.899508830170415,0.8381466065436667,1.4514155295922733,1.0944805764093921,1.2928621332525474,1.0993871743930466,1.2379949457806185,1.1411594119102646
11,1.5131609722698942,1.354683390332222,1.0238898073016827,1.062936055015983,1.6341511132589455,1.0614249018629742,1.4780862353386335,1.0755271269484166,0.8393644116562659,1.0144179303940934,0.5840102184797121
11,0.7275552466681193,1.0933493990555758,0.9545382344671826,0.7218788456500786,0.8398641306553547,1.1991570645090124,1.5955221153260293,1.3021418309689008,1.0096542614283843,0.8522185240712842,1.0140772778773834
11,0.8991732228009701,1.294814805708021,1.4791933132103061,0.700574998240167,1.4003133701580355,0.8790011577976391,0.759123056982095,0.7774922810823768,1.0222265696780717,1.3702488140627962,0.8418394835086457
11,0.9929185466741802,1.129987593418882,0.9035171494413402,0.8311614449898024,0.5131383604631958,0.6901946633821044,0.9970256004149416,1.0174572332051686,0.7186448462518158,0.8091795025462036,1.0215900000892462
11,0.8212278860225836,1.3782897687009927,1.1777885300296431,0.8574712194949891,1.0713933672528908,0.8601398234731913,0.942590118833118,1.2266943421708545,0.8327735037464985,0.572677419802935,1.1211738234987196
11,1.2213994533196932,1.0656854241904918,0.5613033172070033,0.7789452749883911,0.9241354451176397,1.1032178539581388,0.5619891182839998,1.0257784786037172,1.3503042430538057,1.3208272892772541,1.515269674566012
11,1.1755149639317437,1.0288449950022376,1.0780307276112118,1.240473575788788,1.0000751072799254,0.8909778306034031,1.3439875663549679,1.0532594541774831,0.7525400192511534,0.4674088938110617,0.6772479453864935
11,1.1509237533737002,1.2345169661224793,1.0565240559484042,1.146964990034713,1.0638463005548788,1.1311488778236698,0.6462163575235751,1.045347865489423,1.3571928217104574,1.130009842871409,1.2556906332671887
10,1.3768991865629518,0.6967753372633624,1.4799833179759925,1.2095807848780296,1.3587043980757592,0.5647181948562632,1.0756746001234387,0.8058905505907987,1.3141363825744836,0.5930191863906299
11,0.7404662031519451,1.0711223354577912,0.9956299931912057,0.6982581484121797,1.0029283030736649,0.951091644438923,0.83035767616749,0.9442929169117074,1.094196658714198,1.2518299017383883,1.5225204790836522
11,0.536922419464651,1.1437277661654588,1.3620972490119423,0.6698581101757003,0.8528659998269561,1.0452134590512407,0.6091297137474984,1.0930520956305998,0.753472416459862,0.7782943127288419,1.0981206619784942
10,1.2590917205492527,0.9980568592871946,0.8690303513716057,1.0094979856066422,0.56461503381025,0.8803933618394425,1.1227306865683921,1.2755944305120706,0.517381592476081,1.236283499927825
10,0.734331128752899,1.1887965208018956,1.2327577423862746,0.8994775237777238,0.7815840041568028,0.9827628906708845,0.819830278295312,1.1308617175445728,1.4567246947055532,0.9943731764172706
8,0.6896274396277744,0.8211289590365508,1.43031205388009,0.7520920677792764,1.128404948974935,0.7290874656467032,0.9345891021610717,1.2058691269108752
10,1.1200603886073202,1.2386838386805443,0.6397836501312835,1.1023934122448742,0.7666966854142327,1.3572313153327744,1.360475287714926,1.577502863883356,0.998904270036327,0.8863040050836587
9,0.893753184614243,1.0462444820015773,1.2324223040563504,0.5959221106671592,1.1734540738477937,0.9014579463976096,1.0434146433911347,1.2341089817702615,1.2349103120991416
9,1.0300614765495508,0.7224845794573123,0.860702705495975,1.1410522461864696,0.8273360382415339,0.7356959673139999,1.1227396029738639,0.7992247408822818,1.1089614555698766
10,1.4082271086694997,1.0758031882385564,1.148373800399413,0.6263727379018265,0.5997516678467789,1.1399901404871993,1.1679998371714944,1.5155047068742369,1.043875499298117,1.4330111963082133
11,0.9669181746997745,0.9292753170004984,0.6093355986333604,1.4277859335149539,1.4690272760277365,0.8632462940707566,1.0895514026187747,1.3413857888010876,1.498967770960103,0.7461956845224476,1.1017688104754035
10,0.827603643255515,1.4193686100354461,0.9457138810608502,1.1076661617201367,1.3101572347222352,1.125866241690441,0.9207084350673531,0.5692503508900696,1.2788593020614278,1.0685428052629542
11,1.1142946847210007,0.8641960534019928,1.1069816347975008,1.2558279140619444,1.2841980652466356,1.1786435111298528,1.0800214480039372,1.0643674375211887,1.0205799691373199,1.0228427119650279,0.9379439209974157
11,1.010018030315982,0.9020528613081512,1.1298629068070927,0.9713593649656089,0.6908168038532451,0.48935035678285804,1.2600485001555428,0.9270495568561984,0.9739450251011397,1.1811061405920533,1.2422189596848732
11,1.3508390939896504,1.2865746643333413,0.8727478761852066,1.0677677976233562,1.2923259804855347,1.2130653683190424,0.938808843956356,0.8328807459135171,1.0306982786652172,1.53117734114134,0.9830643434343791
10,1.2143527365237718,0.8459952052788509,1.0639234274739748,1.503631746232628,0.7231303939543862,0.663374122374004,1.266340081478565,0.8838776080778012,0.7494378314993217,0.8093057745554293
6,0.538846348867121,0.8271751269217466,0.7363960005749961,1.0972454560060354,0.9886061877541659,1.1303308262173157
3,1.3115874278742765,1.125823632441884,1.2185671582679165
1,0.9766418203548775
0,
0,
0,
