1,1.5985613308392623
1,1.4336969546911948
0,
0,
0,
0,
0,
0,
0,
0,
0,
0,
0,
0,
0,
0,
0,
0,
0,
1,1.0801602009677205
1,0.973599496690824
1,1.3577430487241773
1,1.4490590166833988
2,0.7974304123539624,0.6458589054526607
2,1.120572356048768,1.3876570915324655
2,1.4079715680745246,0.66428064458763
1,1.1441878841222866
1,1.408626361910792
2,1.5555332450274584,1.1103675848543064
2,1.0046680875204712,1.0041454915082828
3,1.0807202162353482,0.9564261003004156,1.0335439063079228
4,1.3820027373030166,0.8795232418072416,0.5839261513056192,0.9992922625936566
5,1.1330844856742472,1.5700928736836741,1.107332877623587,0.9527382438365323,1.3164259444207875
4,0.6813667632453035,0.9388316379223316,1.0718706861728176,1.1698961418077856
5,1.0042576960713196,0.8427311219402718,0.5771228310872722,0.7168782117044683,1.1525187605194278
5,1.1175064498743421,1.0271701836457248,1.280785767928008,1.164500031932655,1.2297114225181227
5,0.7389387806155543,0.8336262537024062,1.2638600924093326,1.0300431758944504,1.0158722597114758
5,0.43151847442256025,0.8770165992253209,1.0972373947457739,1.0578424365034726,0.7530305140433428
5,0.9411852057518222,0.9230603865566596,1.2886389732145462,1.0485427017721698,1.1760463782065456
5,1.2237714234446218,0.747248947850099,1.2774536007985955,1.004331437433166,1.0343301660677635
5,0.9405046406207118,0.8901612280488451,1.2204426971266868,1.0547212820811898,1.1302573353491405
5,0.5636311880140766,1.0653488057921203,0.5279269782852919,1.0748175419794899,1.1645565934547886
5,1.2772418890941843,1.5025726492101732,0.8743794766235047,0.9529522052892672,1.005159717052648
5,1.3188734596984488,1.037586404920297,0.7111304971074282,0.794924766521548,0.4947914836822
5,0.866814238331987,0.937822422162196,1.0167172468700048,1.1499043288087563,1.033256915786556
5,1.0205038060889746,1.289150570713616,0.8197697337145339,1.4935523599302136,0.7183678237692441
5,1.2053181732974814,1.4458237034438286,1.063946386309361,1.2921649327660756,1.567446531491229
5,0.9989296134433681,1.0915432160129257,1.11025182894468,0.9469007603446553,1.2473989170884643
5,1.3880144492517634,1.0612184418022848,0.554041971695933,1.1472144997254443,1.0475482406458718
5,0.9522327742575504,0.7679098257882024,1.1217293131887098,1.6024759336894674,0.8954854443853747
6,1.4023728356222198,1.2769477343841837,0.9875948488610247,0.658696523927254,1.3816441391801406,0.8582949396917742
6,0.9289482534121422,1.158572137825512,1.4336526263264644,1.078925097120378,1.1733513096402488,1.2187949988118614
6,1.0935088873358665,1.159536287803905,0.8128862658113335,0.9122124804610982,0.6583481651075737,1.3804301145821034
6,0.958173419698817,1.1735592079134396,1.0093875175648075,1.0340448467375967,1.1328966283666198,1.0962554360658499
6,0.7633303263377377,0.8626242868337908,0.9871060637065296,1.1316596611155196,0.8220472134443783,1.4428254178896744
6,0.866494559082538,1.3783146920116864,1.2004653236531677,1.3805268481187087,1.3204867481062272,0.9417383427310227
6,1.4989174420215075,0.8642473187734138,0.9803661383715242,1.1391273313515669,1.1662006974713977,0.8206606803311035
6,0.4014227198842452,1.0244371519814297,1.3508789678671822,1.0758535642290532,1.2179114047195865,0.8359650895016858
6,1.3384025547269591,0.7190328233606023,1.0519291519719718,0.6523146186797432,0.5200820026372164,0.8465280231324036
5,1.2748657743481746,0.8734496471347282,1.0930056192335083,1.2513241614154587,1.2554692348065457
5,0.849746621859317,1.1224684511321548,1.0726482812265556,0.8229411973052568,1.0120470300932258
5,1.3672519446399687,1.2855967948285847,0.948125666766773,0.9991465025667803,1.0186682838913415
5,1.2358146382602926,0.9558815097656987,0.767917265074364,0.5858032747596014,0.746107570544104
4,1.2992545579220969,0.8970916728598547,1.1303288539592937,0.937604337816997
4,0.8886683013895804,1.1851059640037804,0.9894742194360006,1.2827446053265723
4,1.1669418901808735,0.9820642384787639,1.3109030109909554,1.3829487763257189
4,0.5603511268640781,1.4601517698027024,1.0097731149160507,1.3637863879127414
4,1.303238161807277,0.9508422763460486,0.9048975132332024,0.587837060911457
4,1.0791162371155893,1.2683451181598788,1.155419957431759,0.8120818660830157
4,1.1970592006197383,0.7901437692642876,0.773607503510789,1.3515833597783269
4,1.4953652557360195,1.025662097955565,0.6690183572824271,0.9924279097597647
4,1.046634711552773,1.0975415782553621,0.9624888584507799,1.0617403581115734
4,1.3187632869768007,1.019937646142276,0.7648539719895053,1.1176252690407518
4,0.6432180161994862,1.3018259491647062,0.9947564089421586,1.0944688582315338
5,0.7905945380798869,1.286996774074259,1.574308630111102,1.1645573067126285,1.0921453154463134
5,1.1987889295109924,1.0995887956182895,1.2049902934449046,1.0147885644287582,1.0180596049027495
6,1.32074463148181,0.9061923825703918,1.1601330288765994,1.101522970858909,1.4505179906977221,0.8210807563509139
5,0.8774306359758693,0.8263581152437948,1.0317675275461526,1.0641634862062987,1.1730542283354382
5,1.2432272812180403,1.0681117253910413,0.9368960816810062,1.5444328237944733,1.2131636499512308
5,1.1744847349615122,0.9760265274657842,0.817429626723682,1.0695173858733815,1.0285992421907946
5,1.487525168312811,1.0195738958231915,1.110225335542341,1.669089433062411,0.7706009532633263
5,1.124348291773644,1.1986702180902047,1.3811762247007822,0.8462766535204733,1.326679939724383
6,1.1901590117799272,1.2957549561343695,0.795640368943277,0.8573214057249957,1.055352075336704,1.0858032439095626
6,1.2140515851312492,1.2164077428813926,0.9614827147993479,0.8882067298566105,1.3568794537304945,0.9931444027970536
6,1.141415424659139,1.1106146183518069,1.1488419015253155,1.0526757289444473,1.3070747514789098,1.0036847194407554
6,0.6835402167353613,1.3028988989969543,0.883932935691837,1.3380723339007505,1.0287785770026625,1.3483324737077351
6,0.6475497635694701,0.6258282529138863,0.5800364298170232,1.0359208535062465,1.0084483497209813,0.8750774953082034
5,1.2436253899213994,0.9285885506221596,0.8679779653249852,1.015362606856158,1.0450706040649411
4,1.1381159045122256,0.5796852242015446,0.9444238126032812,1.0870912419152539
5,0.8454355056506243,0.6959166576573934,1.0345683918070465,1.1050724603870195,1.2480500278659554
4,0.9237740748746796,1.244011679444137,0.8742927228207839,1.4856807429368828
6,0.6635135110948469,0.9262253448047167,0.66675420046917,1.4184644865468388,0.8426515576698491,1.2467114238342842
5,1.319668559818102,1.5241038466949914,1.0161102403783169,0.9605462685592945,0.8885140672208638
5,1.2039252492930128,0.8287274097007533,1.2141790248769604,0.7022712547254452,0.6685135598939617
4,1.113642727579188,1.3368567971112753,1.1333609037331906,0.9792614153879252
4,1.288041272756484,0.9550568290449102,1.263946664069391,0.5854575948400912
5,1.0447303958524468,1.0084427967162226,1.380432633290861,1.1110620957260797,0.6584260949669606
4,1.2395644681982505,1.5102412284421363,1.0525190359021714,0.8217525256959662
4,1.1657700894943703,0.9841005941866098,1.0526265653909903,1.1359558191788741
3,1.1784202851362102,0.782448992864618,1.1227251103173164
