1,0.9701756508868972
1,1.3866174757873215
1,1.349429969301483
2,1.5295892939033524,1.0938810368967768
4,1.4158840866710103,1.1962261475778682,1.271194292235458,1.102032997270365
6,1.327282752362399,1.1601097288424043,1.4707649237768936,1.264300789848657,1.5170090413045405,1.475233176580143
6,1.2397496550943312,1.1527413507382474,1.5035765919017028,1.1340703259629326,1.067994761858583,1.1287196982199896
7,1.1324169217802633,1.3398627900952038,1.1927819009368896,1.501437266881935,1.306850412655354,1.0903739713810736,1.3012139745132199
7,1.1764746757511126,1.2441663844521103,1.2687011437634172,1.0629543288283045,1.501482955303273,1.1501011283852716,1.4095138312398767
8,1.3482073512212398,1.440528981781074,1.1586023333182345,1.509709820202175,1.3434696692905281,1.2643393844886595,1.2859700956230384,1.4627807462412543
8,1.0901867252999138,1.4731161390037817,1.3329750645565963,1.2661628671545109,1.1598001263598248,1.3541515939964124,1.3699575780228188,1.283642228089336
8,1.3430765902731217,1.4151243373154172,1.5095698399098425,1.1968143909250957,1.429289474488049,1.0584535128453219,1.4844213026906605,1.262361497017843
9,1.0970801894325848,1.5430119735958168,1.2356892570862517,1.3314364672597652,1.35916260158119,1.3050851378864086,1.3805912218174194,1.4212964167077022,1.2433802317484508
9,1.1656755528527094,1.1350795313662454,1.264160788616637,1.2948077197605097,1.38778262904821,1.078639692074424,1.0729081531930595,1.3255405637872084,1.10821500350659
9,1.4449594481576045,1.3755986485545475,1.5331316059370217,1.1446023761335167,1.3259109447128774,1.059711138667314,1.1531904118745673,1.2817525021518277,1.4069048921056655
9,1.3192013072730755,1.5292078517139989,1.3075176026434914,1.2280328578056956,1.283669818433948,1.0510939482878492,1.232420911999772,1.4450849484231958,1.2309427767364305
9,1.3118413130746018,1.4741684096264616,1.2426019995864965,1.473997981895494,1.1859498386648766,1.4868834370561341,1.2966289156354203,1.3927502274990113,1.4517402054618636
9,1.336409498177193,1.156979685803412,1.303853991843484,1.3272923124657183,1.349222716285274,1.2087649370159617,1.4300889468322373,1.2376603227259322,1.1300167557685612
11,1.3460671466338887,1.0656288866551045,1.0970260102080038,1.3958243696477877,1.4558269673882465,1.300907307702683,1.3645504443798295,1.0515900751578557,1.2359676770754016,1.3745954751579799,1.4967121516029518
11,1.1546300680765362,1.3274413243313652,1.2036727406278305,1.1063809771565594,1.350142948080587,1.156650283232334,1.297080218233201,1.1653569603438951,1.335831978852702,1.3384171728568057,1.531509463089756
7,1.1498040237325422,1.2136766956237306,1.3120640566723143,1.3614764528433385,1.0781836299479852,1.0715940785672702,1.3814944348789853
8,1.4050186727383451,1.4063333448077597,1.3550079690828558,1.5148926522985984,1.1580845490971323,1.5489693163842344,1.5233637503924178,1.1567017682470384
8,1.0632795253274963,1.2851330378332906,1.4704172465184315,1.4021158463471708,1.1787373677019146,1.4172754217564554,1.5259325984416496,1.315602052027109
5,1.5349201597184645,1.0930457453103513,1.3881144031657495,1.059026931310412,1.5239370204897764
4,1.2978446552576248,1.504144767680742,1.5293003609309546,1.4494112566922313
3,1.1536988014070746,1.4206294250137506,1.4222831402011724
4,1.529119416932385,1.1895640710845632,1.5090134546168752,1.1097073187345223
4,1.4043973175690294,1.3773696131360147,1.5011099509299577,1.5271314803817324
5,1.3370123362699549,1.3363620772340796,1.2381128941136295,1.0551382742876807,1.5011197105586565
6,1.4008236890140735,1.3361888033326357,1.105203277660989,1.3942356392460076,1.450217369651491,1.5243882217127596
6,1.123585161507545,1.1499710698450227,1.3999592896232185,1.47756711602249,1.3924761013574851,1.1498995092102733
5,1.125579437008675,1.1209484266973604,1.4173195440373902,1.466911685503296,1.08623923067326
7,1.3633165659472155,1.268960728085443,1.1417290177184727,1.2818280087053637,1.1204536031338408,1.0799756122933648,1.4952151191651992
7,1.4529070519648475,1.4013840710077763,1.5167770184281928,1.4955569560114508,1.2767187417777321,1.1819675052873735,1.529981365181878
6,1.4081281669176478,1.4696860194105457,1.3036229012876153,1.0869476986433335,1.2292804223617229,1.218472243227456
6,1.4940517149066583,1.4463507355146459,1.3637618732932955,1.3762272570257474,1.2062416868457255,1.526058996104222
5,1.186510321573103,1.5099020090323898,1.472389032860732,1.128059657861888,1.4535509510524676
5,1.1893809556914263,1.3436806147168394,1.1152857622124726,1.0823509039783448,1.4530271491092392
6,1.3851153763840267,1.5172788161350834,1.3218202588345014,1.1644270466197613,1.063001965695302,1.5049308213807235
6,1.4744464400553967,1.2508378283165353,1.4308393868301879,1.2944884938104047,1.1692366670760992,1.4867378193088299
7,1.2314654014237523,1.358757161202162,1.527066282379116,1.0669996656377,1.4159039510585552,1.2796998439242713,1.1102299485241982
5,1.1786932914939277,1.463456547254408,1.5312964284323425,1.205692604107459,1.3767740371349415
5,1.3569888764194762,1.4173703282177594,1.289368278234345,1.2182145751364755,1.0692413382470665
4,1.5353859289443252,1.0961965399628615,1.3467164033988053,1.3477742175105802
4,1.5196199961165673,1.4974578497249396,1.1134205332880327,1.2155419989291494
3,1.3918127862211627,1.2772234595689034,1.198301730244834
3,1.1590267141267472,1.0927999823383543,1.257449888926801
3,1.4609949086038831,1.265458904528753,1.2902732925275031
2,1.0648717719067604,1.0730428775058276
2,1.3610139104318786,1.1999460876004497
2,1.2853529692173606,1.0957595494734498
3,1.3939551593709334,1.480037599404563,1.1708451824198978
4,1.0695455785461552,1.280381753983241,1.2536321204463345,1.4110988814832197
4,1.2462207211358185,1.270669955823586,1.091491596453881,1.5003861785334647
4,1.5463463635039905,1.1578446354530085,1.2582280022898695,1.27435355041381
3,1.1961617041358446,1.502992158752921,1.1028118476666893
4,1.3567779614198099,1.3615073009055063,1.1980300631767111,1.5474358116164915
5,1.4481001966448375,1.4208516846832229,1.1990568898003582,1.3497625883754167,1.3255722915873467
6,1.12141198023767,1.238221864484174,1.3321212701320444,1.1765262988472287,1.160466172365174,1.517290599016347
6,1.177797670269883,1.0829529896541732,1.0804369021257318,1.2132582499072269,1.1904073924031038,1.0531064402421286
7,1.0758524349135894,1.3619519420916086,1.328782476693042,1.0508667383059829,1.5154928162666081,1.1347168438578,1.1026640255853366
8,1.2907480803278295,1.0797331556461314,1.5129547194315172,1.4006166468409773,1.2828649961675374,1.1380216747397336,1.3669753406366048,1.5294702016184942
11,1.2840441566692062,1.130717192825487,1.1476635606307402,1.246100644639117,1.1849416911983472,1.0736450737636816,1.4880050528280695,1.2813554771848699,1.517656257777848,1.3279178518339045,1.51634428045159
16,1.0708687793194132,1.3618842370585518,1.3337497448361406,1.4314087094295187,1.0952470194373194,1.4616910442784505,1.2790807377348308,1.5419016286260931,1.4593415726055208,1.3049297982444712,1.3002004661029887,1.1171059530755751,1.3177112914577283,1.5010699036663293,1.1750211025101167,1.2628682237085072
19,1.1893504253849596,1.1893687430586082,1.5114113635658322,1.220006061693151,1.230741975478043,1.4551376611204292,1.1186787516233807,1.0708733719358126,1.4276566156883024,1.0754542787896593,1.1428057447640774,1.530605314776491,1.4355552893818164,1.3804608030954981,1.2707179097816208,1.116062638622414,1.3068303120527085,1.0803626070156431,1.3537412909925672
21,1.2700203091574418,1.4425533869268374,1.4291558857669486,1.174935817377772,1.4980922233982532,1.3337244444783296,1.3070528878818095,1.5011820621700347,1.4115671502610727,1.4946019861955306,1.3237107201047522,1.3995304338420582,1.3083763001871223,1.5337951086250248,1.3676574602389846,1.3634119305438488,1.4837222831754917,1.14327484075679,1.4504278051519333,1.05464152061086,1.4237336835732095
23,1.3334433964427679,1.4522717247333081,1.2939522214063033,1.349297876220151,1.382906677965551,1.3919394954144113,1.1117148721448764,1.4494820358392424,1.099593674531381,1.2525556697870237,1.2011106999991032,1.4394328135354422,1.4468373190171127,1.070455935802583,1.177058163440037,1.5477088619829404,1.3018017897089211,1.5023059755866324,1.544043202042265,1.4381957148186,1.163104182334047,1.1461182677819426,1.252801602872185
22,1.2274076724212064,1.4454074244120967,1.4711070205522219,1.2696198331705884,1.5191545942275184,1.2568118524690721,1.092673883940405,1.1882494370918188,1.181158833550473,1.5476043153416228,1.482486918177426,1.2266401174268338,1.3035821836464134,1.3159355690755363,1.5233443545042245,1.4705333450820273,1.051583394123329,1.4992158405479405,1.2694052808016079,1.4768676219151429,1.4853178044466515,1.3185974973306471
23,1.2134025924077152,1.1682440979145312,1.2069945664268968,1.1716210005518306,1.354537690477622,1.4837597622403094,1.2566545605266857,1.347693012258016,1.2814475585616856,1.460785130839538,1.3871252500461955,1.2704822502683828,1.3709745708595291,1.3583897852795255,1.160194293568829,1.2718372695836975,1.4944093868824497,1.5264540319594277,1.3590594800274094,1.3911589161050961,1.527308887401234,1.2448817909717045,1.3137179416699156
23,1.2050203011270084,1.3093981504607408,1.0629772996625724,1.1366707417119202,1.2109292842099981,1.522337870667775,1.2577096066066586,1.2692769146836849,1.3752476659978032,1.1748187172639581,1.2324422206658292,1.4436078329594255,1.3475172893032095,1.1433107425592037,1.1369155982457497,1.3092487723797785,1.5436261516835315,1.464636763444876,1.4270140852551279,1.5169659773019606,1.355242189789887,1.2019710406832815,1.194180816201625
25,1.3443967006496615,1.3958013661139679,1.3837471458571557,1.4643324907855573,1.32605912431176,1.1572716685042033,1.3431219415139857,1.356267048560244,1.0594008498375649,1.4207859616415066,1.4425465512842561,1.0530560909208129,1.1572177696713082,1.5245677922928331,1.2583110390390349,1.5149041306110183,1.46044373671263,1.0928236140878174,1.4432876321468835,1.512631984864344,1.4132180096798683,1.5493154373504947,1.0757157389104448,1.537681746424084,1.5032601621659005
22,1.1470109689018806,1.0704842414295694,1.2644990279610344,1.2516027423394969,1.5115416986685508,1.252735912692254,1.1942596979775753,1.3726986602934643,1.4984338949385962,1.3033606914013205,1.525817709389815,1.408129207521819,1.3919790146010127,1.1683404449092334,1.095206421593959,1.2468397073020177,1.2528624944056823,1.1878011051493624,1.2383831766560427,1.516222367969714,1.418359346529419,1.2303013966143626
24,1.3412500288675728,1.3233417308074722,1.5182260623415167,1.0730096010237724,1.074734863381254,1.5381578777150366,1.2266004163773037,1.2403176528730442,1.5069237598680902,1.3047286746302014,1.4629144240875982,1.156047961066712,1.250654440334313,1.1157135996144407,1.3442657849198136,1.3126042448611346,1.296621637365404,1.2214178805819884,1.334216695017636,1.430810360296089,1.223296427207029,1.3839326785960264,1.3575954472436338,1.1424594065508384
22,1.2567659704851768,1.2843736581233063,1.3334390709742083,1.534776046484991,1.248874398846435,1.3953723660946697,1.3432623478880894,1.3592156145691692,1.329256841783361,1.3023296800596582,1.1637692530359345,1.1281198419275102,1.1255682720433362,1.389357645819332,1.387856902744806,1.2859683114202571,1.09170345280837,1.3734108125458138,1.3789631636161581,1.0546523387248323,1.4646500711087898,1.3610561284958678
22,1.4874535403095197,1.0737708065590923,1.0826537921489994,1.3053656049009783,1.259300744410738,1.0567724599084363,1.4439422077543287,1.1745162980017358,1.1906363125499335,1.394675078002045,1.3719214475479493,1.1281391188418934,1.4338663251423829,1.2582976255346845,1.473154455765604,1.1755508351246062,1.1741387598022102,1.458360140647367,1.3819681308010128,1.4435900192950997,1.4629504852230462,1.2622072970146818
21,1.1420672210007128,1.5411418783754343,1.1520855809644333,1.1435283716005067,1.227708839185599,1.0931679985821203,1.4845726661017706,1.4312670304132333,1.1223934964606848,1.1313759183696206,1.3379062294721769,1.2866705980504358,1.2398656001364319,1.3313679304255448,1.4203011090764766,1.4838575635853575,1.2569465231515187,1.1759492038363994,1.5021738246191645,1.4551588521266559,1.3213036315326046
20,1.1588879393688483,1.4693140468706598,1.295895561622011,1.4224162117353265,1.4688705339466743,1.321462778639851,1.2533716507662933,1.3769035389596864,1.3832471614714499,1.1724880192405929,1.376224672210469,1.098601201774435,1.138165102948122,1.2314767603958798,1.0646085513051384,1.057118887865293,1.4946709409893217,1.0550119549992658,1.1593737557065158,1.373030475596066
18,1.4178154284862872,1.1265102367463078,1.1555530537639394,1.1662869507475502,1.15082809554067,1.3408882021927357,1.413681208354023,1.4780316851857984,1.390339004465303,1.2571440398695788,1.2915948106658008,1.084108011650829,1.092785259350547,1.4474883936601697,1.296294589382254,1.0569293415553118,1.0754238801560536,1.190858123304804
15,1.057537297653909,1.1345032222924576,1.3804514716762515,1.2932675910074523,1.4430981097421502,1.1583653297952745,1.3179118382184383,1.3445382951328404,1.1885047057868254,1.4620641818150446,1.2517253668097565,1.3340372220071137,1.0957612805155825,1.4608857691165333,1.359558565190206
11,1.0769723423108055,1.0935821264831322,1.3402135530738726,1.4201896696062555,1.2261595461397907,1.087481277421835,1.3874245418862399,1.3534217695234243,1.4412973624491316,1.257939503953063,1.0979551884455223
9,1.5160500176521756,1.309068293455028,1.4579017975449042,1.2188792118580287,1.4512809794371642,1.546735528192342,1.2367401632107928,1.160366364257723,1.226913877968504
7,1.0941958446382463,1.5281197858394604,1.255536307780719,1.3956946405897117,1.2351239132816785,1.310688340213597,1.4622204999520698
6,1.2829671255250947,1.1875939631436516,1.2053057314689444,1.2055167759614178,1.3376513449954377,1.2548106623796405
5,1.264995353918296,1.168938111707361,1.3372663093153527,1.122954427204813,1.4777160879952247
5,1.4610486441618018,1.4965934962663974,1.5259596613437507,1.2563309415595225,1.3463945472490657
3,1.4707533301344589,1.284686206487954,1.437445556210264
2,1.2661108736511288,1.2111715721295784
0,
0,
1,1.2071229234134602
2,1.3225950827281476,1.4106546351356306
4,1.2982509311627368,1.3468709355196524,1.0844611863115419,1.2899948297925705
7,1.4698284694107253,1.3429188691530884,1.2025804546414811,1.2742969980558052,1.5437542440304564,1.12317662844916,1.5300322305706098
7,1.452473669929392,1.4539965726955888,1.4100693038775387,1.3681989699367068,1.187457813261954,1.299892689362814,1.1271452343016781
10,1.1694453001943639,1.0790878196089178,1.392372812717322,1.4819189081600195,1.3729617397265663,1.3642526861890283,1.4174557956504583,1.1896018650908113,1.5358998099730574,1.391917282840149
11,1.5444861349072332,1.3174065023798414,1.2086490398035208,1.186883549065939,1.2206924638691403,1.2521755045557872,1.3045781008408148,1.3537182392469345,1.480126128060383,1.2390274361197622,1.1780206767156771
11,1.3705847329010235,1.1555658230765757,1.4386233302573366,1.4157624336207542,1.2803296805420221,1.1045619960835567,1.1481567754557631,1.5228982791695376,1.0551324236896624,1.25334828043347,1.1786554990090476
11,1.5377591220283409,1.3927849815789628,1.3158570257770108,1.1621812114419345,1.3998995562280938,1.2370732354887244,1.3104384846481556,1.4955214781885415,1.3678997364957477,1.1285762305220919,1.1576149096145618
11,1.5134180916723838,1.1209028928575002,1.4833615905766253,1.1216349685532843,1.2279030267934277,1.0533822086147115,1.1599278097710752,1.2451565936337852,1.3644976047142818,1.5453833213589832,1.1974180905131602
11,1.117377402426664,1.208188605987926,1.379783506259501,1.1052822431441827,1.521902060645938,1.104399985131468,1.3962952646774744,1.2354403960590892,1.2195465131524623,1.0574392343152492,1.5238597569628742
