4,0.5933048874290783,1.237308361908707,1.0550678230507944,0.9504517924856707
4,0.6043678788040031,1.329048986641727,0.8179705873330074,0.8767732083329575
3,0.7935792702442842,1.3304469443487454,0.9583498313435191
3,1.0711730513210056,0.7768576074965329,1.039257012726266
3,1.4108466144426228,1.0314909779491797,0.7334894694970873
4,0.8744718047749331,0.9338473678823587,1.1213764994277196,0.9811593716910734
4,1.177630071690587,0.7698529838278423,0.9432538728940323,0.7366759485748547
4,1.0735976634451931,0.971290883044535,1.375607191694442,0.8300060963345546
4,1.027489362672455,0.9443556527358629,0.7270124615539574,1.4200074346290152
4,1.0299829413985906,0.9850982623924718,0.7607235197490633,0.9282386006854526
3,0.568575343615581,1.4561460176388703,0.9598560728237163
4,0.9447382188257765,0.9096544462011513,0.75105214596472,1.012608671894891
4,0.49006381434578944,0.987928177076329,1.5439982363660445,0.5327030842642879
4,1.4187765836028723,0.8241298804565185,1.2588634359608937,1.1666312520425453
4,1.2865578108696845,0.7057948098743283,0.8892361901967497,1.1783135183803857
5,0.8308124835283403,0.9050446030184573,1.044109817022118,1.2554437124555988,1.451389969201482
5,0.9122027876013423,1.4720374334950115,1.108603127086801,1.3386530324543666,1.3770372948290588
5,0.9357474179037765,1.0378998687327785,1.2793081298349585,1.0154305337566993,1.0462386600564617
5,0.9812326539633351,1.3724878974910877,1.062380354869574,0.9503922164276477,1.3318309409042242
5,1.080970619622105,0.9347405436809437,1.0100310869485933,1.3263946132018676,1.0120643439380785
5,1.1814704573757766,1.024946691553274,1.2882750190839494,1.1007659253842936,0.8068178878970421
5,1.3943598937904547,0.9558094064522663,1.1149495302160073,1.1466100930283956,0.7779356810164327
5,1.3924880110471691,1.446490520414313,0.8317031788512035,1.268349070769404,1.0744363934946985
5,0.8152420831808254,0.7481481593959896,0.8210963550261942,1.056652653344327,0.8165000843665566
5,0.9096585459584198,1.1693760253417065,0.7103914336613241,1.1125015843257087,1.2384697212509048
6,0.6411019833186149,1.0626817134516067,0.9010505825505953,1.2617256712019405,1.355865713831251,0.865029207350366
5,1.001673568795467,1.0396510609626444,1.0120937572099653,0.9249800295507961,0.6516801854545328
6,0.8003530660351558,1.1233530900989133,1.1411030377686364,0.7711833618016177,1.1627598750142691,1.022343791040868
6,0.9605976207685445,0.8413209500398399,0.8856213274783236,0.9927984152923166,0.9938658746403265,1.0401572966201225
6,1.2294793003163582,1.155686726408946,1.3934429471579084,1.1590171775869502,0.978919161641796,0.9860360073767948
6,1.0533800256402028,1.0466937081217604,0.6811352801698982,0.708815002895962,1.1752424605875664,0.9200566201671205
6,1.2719092933653822,0.9304250757554325,0.6366944537881316,1.2741669850127744,1.1275306531692066,1.3027066799810252
6,1.5127541403018883,0.5190326368541323,1.22532003765265,1.140697989326183,0.8671861197410786,0.949418400262276
6,1.1431890312206068,0.9202493191654106,0.7012034524417212,1.3199944242486648,1.113069270310879,1.036516531906699
6,0.9025529233020684,0.8448734311998005,1.4232246974028806,0.952508269197216,0.8134973900695032,0.569304085574978
6,1.1190184644520331,1.360997819001792,1.2973762316471384,0.7497631880743071,1.092353461731787,1.057931485071085
6,1.0638142600774545,1.0591934099606692,1.03798801281909,1.2080660617405394,1.0612687575632145,1.239988597059117
5,0.8558322413318802,1.1208093436972597,1.208739102728447,1.0604865041008043,1.2402541477179265
8,1.1071989130745292,1.4325397146708427,0.7697006662091173,1.0891630393033211,1.3213837575765015,0.9580428656557735,0.5848409841083645,1.3608474841935214
7,0.8218056693591623,1.3753079276713545,1.0160657620807414,0.8284730507854275,0.6964592116550099,1.0999079939474241,1.0334898592749846
8,0.6022215110269865,0.8013857857622944,0.9879730777140404,0.6099586065318263,1.4638716713557527,1.4905683140612063,0.9504642146924241,1.259680019266589
6,0.787570247156999,0.9478231404642642,0.6864556596808262,0.5697372208596149,1.0733964181456075,0.8039763231660708
7,0.9581015307177122,1.143697396234928,1.1261753408427275,0.9173476326753979,0.9058541784014892,1.207136810175281,1.4372367913618227
7,0.9151461515143168,0.8289428243574762,1.1856030799037376,1.4451943222610737,1.2570714676656536,0.5058110588388669,0.5653435675759404
5,1.2107254954027704,1.0264319960204298,0.6651064510457286,1.4957868884934324,0.8495581729447862
6,1.3267930368181535,1.2685803972335972,1.3209293019548993,0.7200374805316064,1.1429590208443503,1.056044513829339
6,0.7401607837277598,0.7818214489607008,0.8109095382980858,1.355568362760803,1.0705584670372856,0.8251319754595529
5,1.1404390264565554,0.6935359658411023,0.559423355514442,1.278953180927804,0.9749519224414346
5,1.5057961149655088,0.9494293422471639,1.1858756337577634,1.110699385310406,1.4536545136125076
5,1.2746259770041322,1.2581500162845427,0.5937758039311116,1.2438752912831865,1.1707356438386678
5,0.5405593328800238,1.081774759807836,0.9345734942177746,1.0933114659494536,1.0811223860139416
5,1.1130483720908408,1.1806269570750756,1.4095700645463733,1.1281157779015172,1.081941354704492
5,1.1039455407802905,1.1391572195160282,0.683452668563012,1.055998503803317,1.3168961707962834
5,1.0451569516778847,1.0660931930647037,0.6700820668161157,1.1400751354382932,0.6580924531691813
5,0.9031604960582337,1.3476437505755374,1.2857105638969524,1.4049967138506954,0.9650093012577503
5,1.3695244514072284,0.8933687706615066,1.29869742275054,1.469336605772304,1.0770378198876482
5,1.125133133471152,1.0637964911819606,0.818059695952923,1.2556499188464743,0.9610600640480436
5,1.0614227114206503,0.47517930260010904,1.1274642796446976,0.9269043127002793,0.8417410009312464
5,1.1537933522088837,1.2154834704826172,0.7603573811638493,0.8913088579380598,1.140864187269643
5,0.6638202307362557,0.6814268491111233,0.9725410683704869,1.1917855151570722,0.7558354942280057
5,1.1143383046492725,0.5261231886798796,0.7915478239339095,1.3826372100043762,0.9421545831120359
4,1.1108193438873786,1.1149379992453368,0.9824070007434297,0.9870257209014621
4,1.0818210189285438,1.0081557152649712,1.0349060448561647,0.5165174068342194
4,0.8066286099088124,0.8340534844329942,1.0741042215154957,0.9971676772997038
5,1.5035165303105633,0.9790716789144294,0.6724667268386917,1.1993217857254823,0.8648212204521765
5,1.274667643191443,1.4244485056478915,0.5361693453687639,1.4694176015418554,0.997171136373837
5,0.5345846933112732,1.1827239717463973,0.9496860121612668,0.6603495067421272,0.94512675068198
5,0.6514244662978212,0.5516243841747256,1.2176363025451336,1.4272880194409372,0.8405991084426809
5,1.1275240064033876,1.5062034052937987,0.9014618218241238,0.8859552507971076,0.5928565829971887
5,1.0967392755021503,0.9118961278725713,0.7868743538702007,0.8157625148733493,1.0829623690833154
5,0.9331553798651163,1.2191696440725268,0.8818484008754089,0.7570296356220565,1.0979783583320741
5,1.0080021351979598,0.7600502843723732,1.2491656739639858,1.0857995189396334,1.0778356555289774
4,1.014920130902355,0.9818387741097407,0.9640651987572043,1.4622818790596306
4,0.9554408956655385,1.3584045319822138,0.7772137849831241,0.6935374229493133
4,1.2751249618772784,0.638691908598575,1.3761124657206043,1.0189133303992
4,0.953689968070984,1.0304251749441091,1.4192944620698222,1.0898013620097138
4,0.9426438813745361,0.7710660687694758,0.8889866284574105,0.5135723126587012
4,0.6855249269242315,0.6454770847245779,0.9019996880351046,1.3222003624751522
4,1.1751806136264622,1.0859980829687768,1.3863157519645637,1.2630247920652518
4,1.3239577721741962,1.171590897456553,0.9996274600023571,0.9476423493935137
6,0.5922663564627798,0.9841300682934825,0.9711382921820957,1.3621141774934877,1.0956092959340198,1.011543340815369
6,0.7998499303536267,0.996818602757013,1.2278975692978513,1.342347931979707,0.8337973184029843,1.4085493775108775
6,0.8825493832049325,1.0825131719551933,0.8133322623192178,0.5913850178305494,1.211042979774437,1.2866867462243783
5,0.8857334411467129,1.011175293858159,0.8289631304132744,0.6667548422480059,0.9868486144562271
5,1.0705523709845495,0.8582196254113401,0.5878161308645731,0.8602943758827312,1.3488698145490863
5,0.9837639444771847,0.8471082121697395,1.0500361757755547,1.4539925900270414,1.2299089242852577
6,0.7953448315881818,0.9960342774188827,0.7840392368178862,1.111389802535155,1.3971103015183355,0.8484986069743078
6,0.8484603958314347,0.9950439556761167,1.1268958237273714,0.9844288565296443,0.7854062173354293,0.7655936661063706
5,1.0524050653942736,0.4547480314143743,1.1086729907214063,1.1014952322942537,1.3309400542757923
5,0.904940210658501,1.2438531172070462,0.8432549500084834,1.0749811399754996,0.9411501278105832
5,0.8942259496790387,1.0283784361208783,0.5784627918684639,0.7126647557984531,1.4251026238878772
5,0.8754651033365757,1.1511628280862938,0.9156516258174267,0.9763400251623622,0.9806415818926303
4,1.0420196992207311,1.0172695703315255,1.2940210215512036,1.3693082160413392
4,1.3627153395513958,1.114006415425163,0.950045360098164,0.8371107397095989
4,0.6811343243613291,1.1104383607773143,1.0708931364130818,0.865190361707497
4,1.5181491329533008,1.3752871346177715,1.3487076501203428,1.48267959817396
5,0.961286116783666,1.3861447884583573,1.1339082228345434,1.0947993743159807,1.087638124359999
5,0.9012190474787565,0.5968997659311106,1.1905437689900509,1.4255772294711988,1.2426988784489295
5,0.7287521104851254,1.0626265100253678,1.4524069269222057,1.02905650708577,1.2713740397764994
5,0.8745955544770346,0.9432598255500518,0.9927529027168627,1.5445764450297914,1.1070858327314936
