4,0.772872681401225,0.7369018142718168,1.2856199301769566,1.7028068176351756
6,1.399798775943147,1.483508869906502,0.9814064586071434,1.078075902030607,0.866871720826533,1.2065407217252568
6,0.9566861950646222,1.3328610613007608,0.9431985565924139,1.4195680981991083,1.1285178315648732,1.0820572453131165
5,1.2626437080802984,1.5105654606171517,1.0838702495447152,0.9597442604343991,1.339616737928831
3,1.32944557816101,1.384137798265478,1.4291330240610736
3,1.4354168392232975,1.2965088674661427,1.4363155192493307
4,1.3246498236768252,1.618631470392706,1.0893856854255546,1.8187692101004667
6,1.1173157971438112,1.5426899358160389,1.3904871388546973,1.4345706839883414,1.5235153315815857,1.4240313331312042
7,1.4085735773126895,1.3361648211278367,1.1592254214058082,1.3761321386299805,1.402399627812335,1.5936376677409747,1.3777892438438004
7,1.1716467890064446,1.1398407631341125,1.2490153216543298,1.1446478306745875,1.1203000126886216,1.526555555420784,1.6390338124720465
9,1.0483042049921023,1.1590507930821647,1.455968838094683,1.5794832447261864,1.1190464975373333,1.2915859797444391,1.5399343222764912,1.6258452813051212,1.4601179898530465
14,1.226815856163312,1.1214324111153184,1.4982265241532557,1.1041892658476296,1.0468164533448645,1.758983263803657,1.6477852132545812,1.4281901632696867,1.1305992150555475,1.6484196526041388,1.3761912037960933,1.2927374480024985,1.3161953135047544,1.602116895474832
14,1.4308326251568655,1.3734841633546637,1.2016946239535742,1.150882219605328,1.4415851348745887,1.443685961183233,1.2839377673545365,1.4796616909978204,1.4056954507328157,1.1903287497331134,1.585715586204558,1.4616656384971904,1.3711347338575712,1.3148932622334573
15,1.3256629717166473,1.4438301662533595,1.41416766127683,1.3014284287681546,1.320536121974443,1.505652003713336,1.2850554408134807,1.363701239882812,1.2541000255976809,1.4293268030748167,1.4042876568224087,1.2830146054660139,1.3751345297014639,1.2320873661943084,1.345713406939469
14,1.5080223968471576,1.4734741315086077,1.3467954073199213,1.111577435098362,1.5102866446965493,1.4727216809372508,1.356950848075583,1.554602811588601,1.2279919286652734,1.37777965340963,1.5030152458187784,1.3985261506345497,1.4385802421966782,1.557865534012009
14,1.1312486972574072,1.2908717523954925,1.171430174210194,1.0039800413846545,1.211495754871,1.44576518320572,1.2692661723969956,1.2006349560104939,1.2350299883437956,1.2861576321667243,1.5012705023146422,1.0956230859597893,1.5432050632126912,1.5742002454970307
11,1.3647672784878793,1.153601246380178,1.0161147799698609,1.1754504826712335,1.3004722569323028,1.2652302858273528,1.3077440480074718,1.236205311093982,1.5077138921645228,1.2030421072654318,1.571405587955684
11,1.326553668964715,1.2008273910260823,1.4857351419152427,1.421483390354991,1.2281429569000626,1.217576997849519,1.2986662573151158,1.3142816965474973,1.144630240043455,1.3245678429205858,1.328086551257154
12,1.1061144940861964,1.5108416358879324,1.1975159417414478,1.539867014240289,1.2299527685735252,1.5650340202788224,1.4659336250465564,1.256095359727568,1.1043282469265734,1.2774295879761166,1.1639773248082677,1.2242414632536625
11,1.3788458342721885,1.3514316639340611,1.3863190338156672,1.3009780384145029,1.508449585660828,1.1409822658450683,1.3680906834718645,1.2674496208438752,1.1788642247746246,1.119154231370992,1.1287958864429077
11,1.1016348623036143,1.2548444258414713,1.1578550094557407,1.1186212702549312,1.2267812268576925,1.1860584914192884,1.3254615458966734,1.1652691565859647,1.1820063329787565,1.3445281083864649,1.2028896632387065
11,1.4154596747902786,1.3954523391790372,1.1228893967181752,1.203712252451884,1.5557390557879873,1.5365781173910682,1.2789145360575291,1.3901569696968747,1.4429291184878397,1.4947957029426264,1.2144133593976203
11,1.406927033703875,1.2574458545792537,1.5540397251332152,1.2352471290191034,1.4199273426447727,1.3317153034387523,1.4525894203283902,1.3828670809873087,1.1744178644359413,1.1954737028574216,1.3990381139738237
14,1.5526461414437391,1.5259633037457485,1.3896810953667154,1.0897857876820687,1.1076532143215334,1.0765275504202076,1.103876080268661,1.44211561906537,1.154977863608872,1.3642618839398732,1.1347889520290342,1.5041650557832977,1.4348522809874835,1.4427472523046163
14,1.0765849015731959,1.4970420072738697,1.2177357740826427,1.443599268636672,1.2430062256331744,1.4848239841673088,1.1816268448761384,1.3999510707249403,1.4742086328983204,1.5215688502679863,1.1594654456066236,1.4594404422361267,1.2977531410612768,1.4611905896536994
5,1.5132754032827167,1.4653023693067009,1.4015913106187803,1.516710484232622,1.3446054085881027
5,1.3190214157059088,1.2577465877265623,1.504550664678702,1.209172659816668,1.168529763073418
5,1.229695923267277,1.2485891237829905,1.3345366617143417,1.3259576550713044,1.4617888591698796
5,1.4443476442418162,1.0786308818460777,1.4717766799031542,1.2318109532708923,1.2074052022121196
4,1.3342321512838906,1.324140900435696,1.3471265599400672,1.1319528170492565
4,1.5686220391419572,1.0711139872514281,1.174914418549929,1.179995848356699
4,1.5125766608318962,1.3648523880960877,1.1912506124350455,1.252578229860563
3,1.419348782999537,1.2562164113851066,1.394501484033125
3,1.2433153235446357,1.5710115772495838,1.0822392655825241
3,1.323486277110553,1.07991379780619,1.474065513080587
3,1.4534842047648024,1.0990230979759168,1.2122193084036887
0,
0,
0,
4,1.1751698998060964,1.1071624175864545,1.334386010196781,1.5508242570716186
4,1.2962794227764776,1.460441703435455,1.1217317323061546,1.183608387728431
4,1.4574498032740357,1.5451749099828327,1.2339655717765425,1.4257363134969563
4,1.3820876639103297,1.136106559927011,1.2370920039721804,1.1170772430017497
4,1.0785728767595373,1.5250547797040712,1.2514823266888424,1.1304490007414165
12,1.2133170826155824,1.1391054403075573,1.391764503823054,1.4553650533505897,1.4519852156376625,1.1706881515901506,1.1008467902957415,1.3128138610440294,1.208137819350615,1.296736438446923,1.3643878686181232,1.5848891313968352
12,1.1649300519783623,1.0739571739187161,1.4099630459247383,1.3857062012604167,1.3056360529111497,1.375103360612761,1.3776547152983585,1.4286398381773826,1.4484413270019103,1.0705363179135112,1.1485768350334642,1.574675117106182
12,1.2617737242199227,1.2735375470390244,1.375136030270752,1.1601400689108197,1.5000766672949337,1.3530058156359608,1.4659168194593752,1.3391834609207767,1.0559987563898268,1.542272325454599,1.1161822115774935,1.3656158730000927
12,1.2454260793751215,1.222892304358429,1.4631297479641516,1.2900758167278938,1.2345440590728005,1.0776144058879382,1.5087373118908387,1.1161393098803827,1.5707622151816671,1.4659021317631873,1.2250216048903557,1.1044939062334767
12,1.5164511747005247,1.0977605766609098,1.0597174998701022,1.466647926752647,1.4452036341765488,1.328298048866126,1.2751821637012992,1.138804111004426,1.162793981428308,1.2788590782095817,1.4692040690785946,1.492365044517576
12,1.5232351830577135,1.5474295101818527,1.0736855226754767,1.4786035838378437,1.1074419009513046,1.2147986190917157,1.346693688424182,1.1682395643080268,1.4263344012190178,1.3677137395638133,1.5074443534591153,1.5184598589320224
12,1.3685079434432654,1.204556810978204,1.1596818865295313,1.106322427105247,1.4848801397873257,1.4094448908762385,1.2321555429401014,1.528603088657618,1.2358998888777515,1.3508496182909842,1.2031331984190203,1.1732736394149943
12,1.2482961246236233,1.3164660068975635,1.0922702196154732,1.5431810940481452,1.3889962742270026,1.3268643415347363,1.5254483057420214,1.3431586022065967,1.1532165674740538,1.509370960110691,1.195376539705057,1.1167059506847394
12,1.290258225431647,1.338079240039025,1.1750778505146795,1.2803224658418333,1.2264538847709876,1.2358298340241014,1.4258562336812453,1.1409633072331677,1.339658597419445,1.3638743005509744,1.1059847035962016,1.1772597296092193
12,1.4398599648022734,1.233592935531002,1.3140381012804165,1.5110778199629535,1.2223607419430418,1.5518560993876458,1.2557160212201128,1.3222697423318868,1.2786724383451904,1.2798351082462303,1.3292256390121633,1.1467138245274353
8,1.3671922041714482,1.1363552075458867,1.5544914028033445,1.30270958600879,1.4942851168275062,1.164997643156897,1.5563944838250223,1.1779717514639703
8,1.5153298907793966,1.3295242753627607,1.2892495297169217,1.2733393114044023,1.412151598020975,1.3528225492816504,1.503212465759269,1.4441406742953433
8,1.401656604479645,1.5513734278707139,1.3337664809505243,1.3358070163944322,1.0981162711374626,1.3044647704774714,1.1868346106708045,1.2708283469972446
8,1.1794216743691377,1.0923179393484934,1.4119469239142322,1.2826837545398728,1.1905997866251632,1.159714916503602,1.158048098754657,1.3020963611574545
17,1.4395583587775613,1.162571090803825,1.5009574083903259,1.0904806464916734,1.1313335736554948,1.3121440850496218,1.4661786810610546,1.4766305962542123,1.1372187384484165,1.3537790825624536,1.2422816087702861,1.2854222813877403,1.2861238564348467,1.4466424913793254,1.371242721586051,1.0816072782083868,1.3986688962420273
9,1.34040610020915,1.211376631552167,1.607225373486711,1.2069166491167758,1.2660554979131509,1.4665297597964313,1.2860155656081997,1.13866813855043,1.1557329697175156
9,1.1499457452575286,1.2152937989946258,1.302232689334839,1.0985138156317615,1.117349244600299,1.3745680147598625,1.1835886817186159,1.5202004719309328,1.2753056166690058
9,1.3485420330004365,1.2200683870652027,1.3828739663702454,1.3059102674731822,1.14564823285561,1.4501355081117853,1.4125751634567663,1.5751995668592134,1.490297640959575
9,1.3467159822376025,1.0911551375973096,1.2067629687503374,1.1133272942908432,1.5495393045959551,1.0605379495543519,1.1819176639396851,1.0916388173561609,1.3913301241598128
9,1.3722925559536325,1.2462070468282243,1.2762517301461482,1.4190829394585733,1.3243577541356921,1.1982857458881748,1.349925393656023,1.5504529571254562,1.3351936671192062
9,1.5445033602534852,1.3652896908350534,1.1077783751412038,1.3005137744630846,1.4317115521278658,1.48026955860656,1.4257912232647492,1.5544752642424409,1.4113630973041085
9,1.1221249922509757,1.315871095482736,1.2659711474527113,1.563744120132671,1.560631788188316,1.3382258980557564,1.116612218570759,1.4486665049381693,1.344508937007519
9,1.341051215844141,1.1351425786682252,1.1741038332576388,1.0719737186829525,1.4147282730552218,1.4086364612242632,1.2533407908989285,1.5617582186286778,1.1102786062652044
9,1.1764667416139372,1.3976083011787557,1.5774319261694907,1.522029952453797,1.4273835241926973,1.3642267395202878,1.363257761323056,1.0788231273656406,1.4004963238845798
9,1.2477149964144976,1.3160667616135215,1.1777545928418678,1.5468165800484541,1.501709130450639,1.491995471238577,1.1057552576384264,1.1233366848112432,1.301523427832679
9,1.4719799230115485,1.3635165386702972,1.2235029851780275,1.3444961112236808,1.2108974542196431,1.2618732907196368,1.357337889193653,1.549932178969821,1.436933526863058
20,1.5125008122484054,1.4270311126862925,1.229760298447445,1.4652568426086465,1.1910003506632454,1.3505494550420807,1.167984432955116,1.5114346581509377,1.2253894281734057,1.5113491363139675,1.5246244084296365,1.2495251023666534,1.3507240681545456,1.18915659698294,1.5574203777765752,1.5586510885037868,1.279365266313001,1.2939275208266878,1.325148023479544,1.4440750816018606
20,1.1076538812851227,1.278822776317137,1.3588001852532223,1.5738583368167651,1.248263787139272,1.505284274013095,1.2513520187584406,1.4440066938405414,1.153156016612869,1.546441923273053,1.0564829453306654,1.5486638915706938,1.0909191375121983,1.364160735696392,1.3047698385847526,1.4079414108756352,1.133848851376628,1.4839644472451121,1.5559168350193355,1.0798554579032678
20,1.2782113406169413,1.4342318752892933,1.348981031904361,1.3211489032660975,1.5239755462879954,1.4791262879828904,1.4935367810171223,1.1106452732849756,1.2970043361913481,1.1257272767546518,1.1471552280823598,1.1329151369726782,1.3626669439358108,1.4109146643721235,1.3063568031663653,1.1560114353057607,1.1115357420151315,1.1680039927317265,1.1844317689259434,1.1578336829386906
11,1.555820740706693,1.1805472111916102,1.2920020071856897,1.492786178383952,1.3283375495223435,1.1877930572213047,1.5849056354430715,1.5466606936923057,1.2726755400680088,1.414355956907748,1.1374914377464016
11,1.403612683878606,1.194113662891337,1.1294915958481069,1.1020775334079043,1.1185917435254358,1.240374485103561,1.06768502936734,1.4333608726475784,1.180970029330388,1.3298660054992055,1.5333834557383117
11,1.360989928001249,1.4161242362341526,1.0813337510156535,1.4924915609922043,1.1062520041343131,1.4169759527877486,1.1523843817067405,1.0964794615587288,1.1181854723627933,1.471970806517478,1.424556948695787
11,1.2552392251613271,1.1755757785436103,1.3702931837248042,1.286496440816428,1.2048589537926702,1.3239784172904752,1.4234445717410829,1.1339065885364217,1.3491685700793468,1.3990296935033724,1.474928000856369
11,1.3905498685447493,1.3931872908228904,1.4057156248622935,1.2658346671667753,1.22338498265077,1.5064396042667847,1.4608367647831186,1.3396711914403763,1.5654901183788226,1.1006276541472189,1.128018777806809
11,1.1622069604146013,1.465615726068787,1.5455126016517267,1.421755507478238,1.5300109867051557,1.3076416080378117,1.2590926604562898,1.1727846591671267,1.4520401748303389,1.5120067975170313,1.2656077683983677
11,1.154044283644236,1.147835043812575,1.1386296751024618,1.0783619399173863,1.1489989096788067,1.1171854969698936,1.1256813480575703,1.1236595343068227,1.3265603131536838,1.547163792527498,1.5544087450908417
11,1.1703106897333253,1.1575683429756165,1.2296403254947834,1.3896239314011773,1.255960433039047,1.0714132907364482,1.1519675634159314,1.4180047852548037,1.1184321814548515,1.3606579891290076,1.2535286708911382
11,1.3470805518292248,1.1690502557410718,1.3012121304815094,1.4941034988768416,1.442882796421368,1.337866485191255,1.3686662426302585,1.4388916800950264,1.3085704086209597,1.0958486863238517,1.511445855154181
11,1.218529316187327,1.4270076596647734,1.5407314245368857,1.55328568409274,1.2480364678487295,1.1122121505043367,1.137118063677384,1.3832316338637054,1.5483135051306167,1.5804646415883485,1.156098270085273
11,1.146810539194067,1.1232658094083823,1.5471700548042502,1.190054393220663,1.340639950972813,1.343532502605715,1.2687291264874978,1.1960439820308306,1.1756778576475286,1.451539723629453,1.1519971930283912
11,1.3960832792915965,1.4712657721308415,1.33551446825377,1.420886645621282,1.436960281732785,1.1534658408085268,1.1227265752985887,1.3663632538458312,1.3074552221386992,1.1460981195357758,1.4147322626459968
0,
0,
12,1.5799415176960692,1.3413107424474662,1.1502326316784648,1.2474503423545185,1.159100784954218,1.2358364339496428,1.5604348402187114,1.2048474167644274,1.5474129608239913,1.0475654066322415,1.5245399424548078,1.100784642385304
12,1.1496831102325455,1.4444239732821522,1.3369426692015063,1.2931043539355642,1.4323096616866797,1.2844720193761419,1.367308669699243,1.3505383853320458,1.2340294412105501,1.0744516997423035,1.3223830790655289,1.3968355775620451
12,1.2487407555891346,1.1754461341454985,1.1191804523410052,1.2566009805299667,1.1852542435434676,1.1379408428510775,1.4893347187653114,1.270051697037114,1.4479793072291454,1.1997832188861342,1.5510900881230307,1.4071483999507919
12,1.2158878225711196,1.3532325797918707,1.2655057899269042,1.5425294565629721,1.5138608486587413,1.4121983934823628,1.231922494889431,1.5349302414772645,1.4690523560287947,1.4293863284977497,1.2319818818672013,1.0933162986232425
12,1.2049254493633115,1.1332257816325242,1.5441830519754123,1.2476117133838138,1.5206333500690845,1.325218465676592,1.5146154802850103,1.1931673611270428,1.1654140190750963,1.374173990878032,1.4009369946218186,1.1768453554075928
12,1.1514707391065053,1.3697423736048566,1.1238671476978137,1.1101262552691669,1.4411273679030905,1.0805774862208581,1.5217706263064634,1.266826528618832,1.325537873336815,1.2782127107257202,1.114790466411409,1.542789742605092
12,1.503470209179057,1.3874880812929917,1.4948072106166765,1.2242616840593203,1.5238577026958324,1.1022189875640027,1.2698189111927425,1.3788438585283918,1.4649330961081355,1.2033696644680332,1.2549915351664658,1.2309249368952182
12,1.2898216381156191,1.5435147475382949,1.164761120009152,1.4348423093940792,1.1967981008833715,1.4411607992775475,1.5209425860744208,1.466094771857805,1.137119088511903,1.3438301022495922,1.377477105276495,1.0572921934317465
12,1.1514215819585465,1.1183106898808683,1.429618540257347,1.3680763779771905,1.1206088579898803,1.3557871521818148,1.4899285247474559,1.1567936241798382,1.1615456285980883,1.268324241262979,1.163969114292122,1.4218385457509501
12,1.186546099833534,1.375391465405767,1.427566813144134,1.464534821796263,1.243617144739156,1.2183593059051132,1.4585060711646833,1.3046891252836312,1.1406521555324187,1.0951247904989543,1.2555798566590295,1.0837656839403889
12,1.4373600452647066,1.0895568416314392,1.5057259521381228,1.5360563414426802,1.4779177239812293,1.5096722529812145,1.2788165237845033,1.3701082400150828,1.124309672419547,1.2238603895959288,1.4841909470604049,1.2740331307751527
12,1.2406146570457743,1.1001703674346441,1.5106619693335261,1.2632836380532484,1.312825081520536,1.1679706645904022,1.4692793593797868,1.1709960669311295,1.3685196511664255,1.2300388362300407,1.174196412809566,1.1695060691030845
12,1.5185741078553745,1.5114734237358942,1.2663776680303949,1.1567378040770795,1.1735654131810103,1.4275996031360527,1.3644614370053236,1.130521581404211,1.543544237463878,1.4425753297423602,1.4217650300623301,1.1241522355279177
