2,0.2622827759651104,0.48810370274723075
2,0.26512967777578317,0.4674122740441893
3,0.12169371263034795,0.7455999879881168,0.40784424724825924
3,0.32742776171985555,0.6159496477620028,0.16108758084753078
3,0.15897900873172852,0.3443731466358075,0.40542025548100985
3,0.14273958106937967,0.2734182408828197,0.1669446878813376
3,0.033888954353502344,0.5557533260713556,0.20830584959266824
3,0.46090480777920245,0.12584335657456558,0.3890117993388111
3,0.5138716380323028,0.26232390412721296,0.4749725026138378
3,0.05973909685573976,0.4008363871378117,0.5483430210699554
3,0.17768263775223325,0.45384212279200403,0.09393261372780976
3,0.44222471653000744,0.3445294083128027,0.3780546510284108
3,0.13283329519476436,0.3745747921748507,0.33865353988228114
3,0.22938677218599565,0.3374761281430749,0.5129923124349747
3,0.21996221730522322,0.12226174168228927,0.2276406599764425
3,0.5059527036408111,0.4925224249540616,0.4181051390217814
3,0.24301134020683327,0.2496340531284758,0.10032775791560838
3,0.12524288059476088,0.18929785138638133,0.4315026520355379
3,0.2746657013069758,0.1337898034187477,0.3839236493237164
3,0.19997750219924543,0.37688704303949516,0.1226029659598547
3,0.3406691077427601,0.46044351224557967,0.40566293618075505
3,0.5311590423478134,0.3946910642025214,0.12023917282073732
3,0.514603928724983,0.5006457339372521,0.3775902959873521
3,0.43242765009565837,0.32048050166963005,0.3617278152950066
3,0.14047723617795424,0.20177515664648232,0.43369377740134335
3,0.21345670142915443,0.07520376653764707,0.4839544994997282
1,0.4840520223993395
1,0.3652256411768326
1,0.4033824911714183
1,0.4032448494196868
1,0.49475209045602725
1,0.437843136069289
1,0.10164948784560185
1,0.4884459379429103
1,0.3894372632569983
1,0.4606843318811055
1,0.4179590776755044
1,0.10113797611057612
1,0.29290034617040767
1,0.3629743360853221
1,0.09846320480646459
1,0.06366689973621781
1,0.1323460097185079
1,0.17483590968699797
1,0.0983085699618888
1,0.515990544459896
1,0.4888937086232605
1,0.48464849641031343
1,0.15400654172967915
1,0.19755040436983734
1,0.20531438758804083
1,0.18610050491230984
1,0.20263327839468587
1,0.36224895783847394
1,0.13828901803166244
1,0.21637709754846174
1,0.4842379501711583
1,0.4446946569604963
1,0.539027829749025
1,0.13885225204056745
2,0.3303594693035216,0.515426772951781
2,0.05972053562117191,0.16787216534868948
2,0.3909722839250957,0.43151398410415326
2,0.1434231019976006,0.48458760814096985
2,0.10963913692972366,0.2027790218009507
2,0.3770251981292671,0.17920013223825476
2,0.21546232562757256,0.13951549062019292
2,0.399790999408068,0.5113231016637538
2,0.1942603159457295,0.32097607525041044
1,0.5081882028365099
1,0.3052886984240028
1,0.20510567002153296
1,0.18104488605606134
1,0.40147532775722145
1,0.4286820076576518
1,0.3648815598635023
1,0.39989809680492444
1,0.18066062013283718
1,0.38561597948117704
1,0.2413165783663635
1,0.2998814416946483
1,0.1559548571258162
1,0.12536464074087245
1,0.30792609356365547
1,0.5269171133092982
1,0.3120676995354535
1,0.2743920292092646
1,0.43640931947526534
1,0.09088683075370768
1,0.20725554188428746
1,0.061162874067485384
0,
0,
0,
0,
0,
0,
0,
0,
0,
0,
1,0.3670081640039744
4,0.1388539768134666,0.536255473627157,0.5378455148311562,0.05441912515600642
4,0.5556426424495028,0.41933295498746986,0.06275033061375547,0.40917824967889305
4,0.391973964955007,0.19717869121359902,0.40546415139957,0.05887554661650607
4,0.45887122606886743,0.2695723422193839,0.13703613042678375,0.3473114527972457
4,0.18882748399086535,0.16547720885238187,0.39454883951222425,0.2247739005763074
4,0.5002216507889647,0.3466405503458682,0.28185742033790956,0.34380967862110856
4,0.5038996642489197,0.2802581352986018,0.4176383584839675,0.40917420944171484
4,0.28411789731971687,0.4854847051722826,0.41527861653928105,0.4355723768689214
4,0.19247139881485592,0.4579216659863731,0.2521528055309969,0.14653096492269344
4,0.45249324916871836,0.5004585139705232,0.17739032142183891,0.5487108033481148
4,0.06702014853576542,0.5160559161111731,0.29328599902631153,0.07786067211474411
4,0.30927029956826646,0.14151441382678598,0.5007945647485066,0.18354935831869612
4,0.4181324892842861,0.14666489446511813,0.4822916501368311,0.43878120855169594
4,0.46094004817877465,0.4977479726419024,0.07711128576341343,0.2742486624948753
4,0.27269084296749324,0.5330720108413042,0.10599824081714922,0.5040140898809339
4,0.21633253958875953,0.4344875417978445,0.11794940889443607,0.4251636956151065
4,0.3166470253479204,0.2629780214643907,0.4630286806630075,0.5504580156211236
4,0.08534627186845885,0.1396775757367227,0.3345009322146148,0.06343063678930046
4,0.48530236640361596,0.33194744060211223,0.3201362862729068,0.1859654250040024
4,0.2908963727551401,0.544758574692898,0.15535863023816218,0.3196444759716119
4,0.1562273914613177,0.08096618660813142,0.30515747248083425,0.4226361265347744
4,0.43772357722056104,0.4443621037326331,0.10964232438756794,0.20350721583161466
4,0.09901095075337114,0.16503636930601023,0.3571794518222618,0.09234513564971297
4,0.3965520358432051,0.16356032899734316,0.30749557801002003,0.43159802125306473
4,0.2854599829237158,0.40824353994525414,0.0823117436668734,0.3329228673660986
4,0.2538738781264726,0.02873083118096144,0.3475253570289053,0.5144858521975351
4,0.060526064419576545,0.16969704345118394,0.27778135778521773,0.22558334877623923
4,0.323833869738734,0.38990522925557763,0.4919480385795644,0.14341011163425915
4,0.33230624776870554,0.3805609113037201,0.29362412091265483,0.34562947772627134
4,0.08792828925493301,0.06813513089044292,0.5101231414194144,0.1747080314173675
4,0.3937462590052057,0.19652974382218807,0.20573578255485378,0.42006654196173765
4,0.46994654055258334,0.062108727200942314,0.08172002979706183,0.2817608513224017
4,0.2997606754160107,0.5336195524374724,0.36711024314831286,0.08182775282952284
4,0.48920112132344906,0.44779898604611684,0.540563666550048,0.08654124732127252
4,0.365310342316628,0.06434824346279865,0.08057828052802664,0.4511615578741618
4,0.36039850913101135,0.4761627095673522,0.28063955740851226,0.07572053645399446
4,0.37916445437134577,0.25741793237116134,0.2354093355511957,0.44632656580670715
0,
0,
0,
0,
0,
0,
0,
0,
0,
0,
0,
0,
0,
0,
0,
0,
0,
0,
0,
0,
0,
0,
0,
0,
0,
0,
0,
0,
0,
0,
0,
0,
0,
0,
0,
0,
0,
0,
0,
0,
0,
0,
0,
0,
0,
0,
0,
0,
0,
0,
0,
0,
0,
0,
0,
0,
0,
0,
0,
0,
0,
2,1.0321219965277693,0.595008050541376
2,0.5525904509808247,0.45895759913459655
2,0.8074761382658585,0.37320876417677296
2,0.5253663941243155,0.22701383158699828
2,0.29591403639246905,0.15330948553014767
2,0.33355590442413013,0.42351759816384443
2,0.5191850871888588,0.11817697654980092
2,0.14840873360720397,0.05547733517292203
2,0.35764554770764645,0.24331366680702632
2,0.5312425143735383,0.4911965970398707
2,0.23551912178028692,0.4997160701784744
2,0.43849817185104817,0.24339921186946253
2,0.5143298608390539,0.09603557815562806
2,0.4945054756642565,0.274137372773608
2,0.12044728937886888,0.08960639558305242
2,0.14287693781162267,0.22979943449486
2,0.12917291261243388,0.3205441983013152
2,0.31681660511781684,0.21318865543762305
2,0.22036883424029685,0.23115711056396884
2,0.29810734027363633,0.40268092595845695
2,0.09335622042306788,0.2766934771371738
2,0.2660355971297549,0.4846480876355723
2,0.326681575068524,0.39544792892115466
2,0.1092007145593974,0.46062126605292675
2,0.26322848623201306,0.1807991910840171
2,0.3505507235750257,0.4614915743571541
2,0.11053747140042476,0.40627153956636924
2,0.47756845670771036,0.18549349133792092
3,0.5376767757552425,0.07484201957178123,0.13486006668024028
4,0.5344603649038874,0.5359114650373117,0.09057819723028965,0.4680412063994283
4,0.20954768258090814,0.2745336099992014,0.12053482779064484,0.37601268454976894
4,0.5065491212935551,0.5367617035330089,0.41430534046343065,0.11039226280381063
4,0.2199880682490567,0.11824186356079638,0.09320859181354378,0.11908475410082173
4,0.24409288060004877,0.13266109473604842,0.5087878815298362,0.11858340334356779
4,0.30685807838466145,0.27510591149678065,0.40523214410091213,0.4667233254810856
4,0.3952937456170675,0.18481083495033873,0.33892244559236895,0.20714895297700966
4,0.5510599389255728,0.39710506411203805,0.3342830786822515,0.10797585589457988
4,0.4348925821871137,0.07058264189222321,0.525730440604226,0.1371543620673298
4,0.22204979411835207,0.23682788090256765,0.2773554827001779,0.39132072350436353
4,0.48744722959175674,0.4817256350019317,0.21240381883641768,0.3994638845560064
4,0.5161970357953545,0.17858117237492196,0.37615719334161796,0.22338347094480432
4,0.38048285458389947,0.1789265824626543,0.37453958909494917,0.1946760821756078
4,0.12397347525603042,0.2122738527523718,0.3302188664794304,0.22591947728069423
4,0.25660671258827966,0.061934748742091,0.4123554317369151,0.35924950338357325
4,0.44904074752481227,0.48946658085421224,0.16909007719560795,0.4441673247147486
4,0.29249053253571056,0.45888877875709455,0.4104467924466182,0.4942099985932391
4,0.3472087359439621,0.5430758022078606,0.24016827837449636,0.18688296519269998
4,0.25589933478098825,0.5177700362053148,0.5115581481889656,0.47634625827057475
4,0.27763075138442184,0.4549382537119158,0.2973074935302072,0.29996623532128347
4,0.2549625569807677,0.319676699075293,0.4115981586166626,0.13863890540546
4,0.11935629361641502,0.46330381085671274,0.05893013480280055,0.4808589461812577
4,0.27813161984224055,0.4620073573959754,0.396158936892289,0.38024638390912857
4,0.4281837518677375,0.36477045458966784,0.4295864501560343,0.046583425910819494
4,0.4668556852534961,0.47135367235087366,0.11445312856625106,0.4487160175040861
4,0.4425755485475894,0.4310125518060856,0.2519606295359367,0.38963718158752403
4,0.18393744104625814,0.3860682891028112,0.24505345722260657,0.22410851303214868
4,0.19121895876084033,0.3288674124465886,0.12919324734960264,0.5370885893612343
2,0.22661563841056548,0.21422248184248383
2,0.3660742001183151,0.49556953797652437
2,0.356581680752035,0.31275483360557
2,0.10467312229772596,0.4541404008429083
2,0.13467925615244256,0.11364712351790626
2,0.35715244727413037,0.23650713376926025
2,0.2187024810467666,0.24364366488077926
2,0.2535388720417285,0.4333909291036233
2,0.10038425811005733,0.5282179058337514
2,0.05697985492673513,0.46530412420821865
2,0.15522426340709058,0.38788103141080754
2,0.4798019766265258,0.07381869024311316
2,0.43316080773625787,0.2555074265842807
15,0.2351036170499205,0.14491704341157363,0.5081712041748265,0.4918846823312544,0.20360220457948447,0.5136981590128848,0.23298860114819975,0.15584968225740806,0.2960339391867285,0.20207232035703157,0.52423949371377,0.19467012748024876,0.05362379004796095,0.2288586579874866,0.29753658952825895
15,0.4580456512436594,0.4462176060885219,0.36795633636578806,0.06002273753171794,0.45553575402741736,0.47249966205769695,0.37059627301136644,0.3411703123178298,0.5222872193710496,0.2896267105206986,0.09527638770306819,0.3977479321032787,0.23270377407259377,0.32393079323515894,0.21110378093951027
15,0.4860249760918146,0.21600479148286483,0.43147747934760095,0.4091711530276502,0.29658971300085896,0.11285298657971103,0.33703073590295524,0.3819959521714192,0.27748274936107886,0.33650178680185316,0.43961105357641833,0.19794719036258196,0.19177006169434294,0.230346321073104,0.5568306280938488
15,0.3307360462062042,0.19727339357496232,0.3373542473920294,0.44874460174640274,0.5434560932269054,0.546270998786714,0.37711480555255494,0.09387255962841501,0.42096271566554244,0.1949403236959314,0.34166617346874667,0.37183457256809443,0.43247251308414436,0.12050647916150437,0.5019641883329536
15,0.19417516530274237,0.22871449056471727,0.19731329578925522,0.38443127734883037,0.4847614322209675,0.11380860718889091,0.22424410244825582,0.4095554968373699,0.5668953429647897,0.46861268496537406,0.1354710424577445,0.41825295575098265,0.4350262132084435,0.49966006872498986,0.4950074870464909
15,0.452217992964285,0.17104447256193508,0.17962601254070898,0.5236568632264028,0.31960729826514783,0.3687906669027927,0.03229995445245788,0.4215712305334228,0.3657186452293228,0.12347682127383812,0.18315172076561084,0.43374219607410036,0.20291814158570273,0.36357718916238563,0.16008107739156283
15,0.3419496551386231,0.22350658762593392,0.15800876234440223,0.40935956574569393,0.4541786323019741,0.5552439404994508,0.5208459445915141,0.11730055384415124,0.4591565641170215,0.17606253464896468,0.40141805126368274,0.0500666173761766,0.3220283197158051,0.10011860544764627,0.4771102979239438
15,0.513817815463282,0.5422331637209863,0.6017052091700692,0.3503519819729468,0.5300468785276108,0.4131494631382251,0.08149927293091955,0.1850092042409879,0.3700473741874635,0.06408333703753238,0.22775743590979824,0.05936457615373847,0.35747137700090753,0.44095201760183605,0.3878208535063921
15,0.05441776603015738,0.46036054904438944,0.4230407372314417,0.2845029938343036,0.481040021806455,0.13304006532129906,0.46557311832400167,0.4719446616930694,0.4305520013264568,0.4370830602069049,0.11250436672218284,0.3697657815587141,0.4989210122654903,0.09084356910730877,0.24691765264089235
15,0.473937979009093,0.5480243528851235,0.115187869561392,0.45169108294164373,0.42545687897565926,0.44838748307852594,0.03745136580724505,0.3710843529984653,0.28448353608916693,0.34107796192461054,0.36615050271427374,0.33105507883024404,0.24248393578909494,0.3524810223123178,0.3984400815153408
15,0.18177502918908323,0.5219135694192771,0.1504850890896603,0.412745954413303,0.45317294005205594,0.4721930837631397,0.10459364850336222,0.37549536649757853,0.36308790351052855,0.16760130684901367,0.48725464988073475,0.14507036027852746,0.43465014342887226,0.36817992392459026,0.5335971708773167
15,0.32263865513654266,0.07268411658385551,0.2949062017103629,0.2690330728971909,0.2702844936345733,0.3801850161355832,0.22191470410922765,0.4028419802009093,0.18966208026829703,0.5150149465607091,0.2811514163076832,0.5308496756954517,0.1420394665446159,0.2730062458623313,0.3070959817396929
15,0.31034803499584657,0.42062727851546144,0.23745512046373768,0.5006902735895797,0.3800979797027001,0.1050521582066175,0.2228887056654491,0.3456412563222328,0.4680698991412401,0.41643323174941216,0.23537175341920305,0.46338467269612427,0.10547237433542665,0.5115668658866414,0.2644163587316501
15,0.36569261041667306,0.356583766746845,0.4510685641524173,0.3829826401409589,0.4922808063563637,0.1267471062836845,0.46779170252727326,0.12639222181493387,0.21758469232271793,0.2164017637141902,0.4958986788411398,0.547937034384534,0.4288232181708117,0.1263226490504107,0.4405508424378166
15,0.18963751396201423,0.435714356531426,0.2995898611552839,0.1473325060576735,0.38386957633702606,0.5106957213035322,0.4403107828714344,0.16528036489893508,0.2937304933420987,0.2842454498842983,0.4716441674814788,0.41523335636882974,0.32304705103461256,0.12389786231956203,0.2132302336434438
17,0.3521326799541697,0.5238622013491963,0.2523471154524914,0.09751158941248032,0.5041948150235854,0.09553946032299232,0.14475488402458817,0.3582640364328625,0.21031807936195018,0.34692105256254846,0.40924759553895773,0.5653562166324461,0.47862678740564907,0.10098044902052547,0.3123743515618641,0.083178165038319,0.33272080855194863
17,0.14238535882275855,0.5360842553992797,0.4500360211823575,0.3452401723513791,0.4262089818355466,0.19363182103957705,0.31410017125769324,0.13376974324282923,0.16325687491802662,0.5371200556624532,0.06934256946966795,0.31910744496853244,0.46702810904299447,0.13924581444506554,0.31961185832888106,0.4346906143242044,0.424599348654713
5,0.27597227742710784,0.4724830716038344,0.19545039963386782,0.41849511513906984,0.5423386673257632
4,0.3570245073311571,0.5085765227588097,0.35602540508416525,0.23533050898316873
4,0.2411933129034117,0.22609648572952754,0.23608782838031916,0.03491001724359316
4,0.5394809932556395,0.2657187904748195,0.2050395745579856,0.5005559472491881
4,0.46608980394465155,0.1486534152042289,0.2853365652806935,0.461257219345332
4,0.37439158961344077,0.08933141651419187,0.3786226284980016,0.12678229243111747
4,0.4426178741097342,0.4463093784649923,0.4961898409312667,0.5162737400873004
4,0.32961974281906536,0.349198307023167,0.3358156320824962,0.1938443787122572
2,0.3934434004728714,0.2858587632525891
2,0.3440836663824187,0.3539386448408874
2,0.4440808795050728,0.41617151556010856
2,0.13574890206037582,0.19810451921956881
2,0.4715221244629287,0.09649494577985951
2,0.5394216602860651,0.31844530061978177
2,0.5321759337371612,0.23677921696824009
2,0.2455674643336033,0.48536041564530996
2,0.07756760701533788,0.1408871956058097
2,0.2014283298293378,0.23568400186866006
2,0.3006536767847394,0.07353217643520454
2,0.22193635546430227,0.467746738466585
2,0.22347746218815195,0.1967296807484323
2,0.23228596921615408,0.2841172328901709
2,0.27573220520641006,0.1715747937406644
2,0.42363816110415836,0.2664685802765544
2,0.4534633187434066,0.3987420508463638
2,0.19342726164900423,0.3331329109213565
2,0.5551116771588078,0.30008520429662416
2,0.0689367756127611,0.2720496085237309
2,0.3407804179828544,0.4756803641779059
2,0.33109460203387164,0.33301432649888724
2,0.09242714479308958,0.4139385754950499
2,0.23041517234057884,0.454173677643415
2,0.4893084770391948,0.17075993611312357
2,0.08031642441714923,0.24368421883081906
2,0.17234770095359742,0.052119235192659846
2,0.12377625870278786,0.48872758477714595
2,0.2652882704730083,0.5540237047981946
2,0.08542143265840521,0.17297630061955593
2,0.37909937139501837,0.09807501989779302
2,0.419127553909638,0.18357029428621602
2,0.3260137841247529,0.5529614289393623
2,0.43808272347086374,0.08323217126302118
2,0.1778590663647675,0.3545950397274381
2,0.43321710021665416,0.5369693111262546
2,0.46002315837165747,0.4056783118456049
2,0.4345393135671335,0.45572727050985595
2,0.3320641488281625,0.2756349301153295
2,0.28073205166544074,0.29081833084633596
2,0.30388578388192256,0.5381071792565425
2,0.030200333583730643,0.4765774926618683
2,0.09882246256272359,0.18697088650973603
2,0.17157034342729957,0.35717177085575824
2,0.29945366885993335,0.2609123918056151
2,0.5521794164172791,0.5020990482469667
2,0.2814608600479897,0.34222831741139675
2,0.302134649754215,0.2686410160659395
2,0.3334708541766511,0.14206801027564964
2,0.30723008341619956,0.27021760894490976
2,0.5345411178852789,0.39148045621349414
2,0.48076903864395737,0.2563243317600638
2,0.25055537434943714,0.4995808032336131
2,0.21993879544865685,0.5392102632065418
2,0.10791640284813103,0.18222682366740128
2,0.12056808018759357,0.3970876561051793
0,
0,
0,
0,
0,
0,
0,
0,
0,
0,
0,
0,
0,
0,
0,
0,
0,
0,
0,
0,
0,
0,
0,
0,
0,
0,
0,
0,
0,
0,
0,
0,
0,
0,
0,
0,
0,
0,
0,
0,
0,
0,
0,
0,
0,
0,
0,
0,
0,
4,0.7402703140741778,0.6201219273442331,0.3240881742192132,0.6952767321992863
2,0.6531984760659911,0.30755846140998405
2,0.6164482372551366,0.5810237103693305
3,0.8185953456049847,0.15217272953899694,0.8039858012395367
3,1.0473880829808542,0.41329213848964463,0.6896020716801481
3,0.8843801959400583,0.4517796459659327,0.4272066553582197
5,0.14273972393153622,0.6025348257768519,0.1611679081248738,0.1499638440985771,0.30325145107522605
6,0.21857994199506042,0.5634347634943583,0.17581265652416087,0.404092724640096,0.2861971866226487,0.2758686549115716
6,0.2696059358770081,0.3085641191179749,0.25043163801178603,0.13789921657032764,0.3280216796882078,0.12844248345181675
8,0.11194927482756466,0.24098541912357516,0.19152281411487038,0.14146166968344526,0.11773372905963579,0.03824563146501731,0.23997522985227607,0.2308831394774828
8,0.0830577946708103,0.3604531980922645,0.12285941361512609,0.09814455631592314,0.3085849991853942,0.0575045012731651,0.2780890409774778,0.29565333875513794
8,0.04690915265321395,0.18371478841451175,0.04580429634822328,0.09737524565477307,0.16552103250305789,0.11543419742249292,0.28402676493489504,0.33579315979424057
8,0.2785453566557059,0.3314654503133533,0.053241954006659195,0.23620830545279078,0.23419594357098203,0.08292441986503771,0.45210998445304323,0.15909588337964525
10,0.04152623302696538,0.4189007610225025,0.007916573130778965,0.03669987568650057,0.5034865012929474,0.11578072275155417,0.5996370195955271,0.08033697103190285,0.18452960618739375,0.28319637923549085
11,0.04772735553225879,0.07264989155244395,0.36864079521287046,0.0289379672753573,0.16043688882429014,0.36957280242989754,0.2576802480696478,0.2836225929638502,0.03763443333344816,0.1622263675326667,0.12716022331216065
11,0.3704880237899488,0.14765379419063757,0.503717196328612,0.3402616553404241,0.0519353201779404,0.29817787157717496,0.31722926669353635,0.3620060277407391,0.11145576708593084,0.42584331349714044,0.4880896546870878
11,0.0026037158451731883,0.28551125572202535,0.6526019143421082,0.4202443811262569,0.35121140924925914,0.4251459943242834,0.3999991797864294,0.5291646556312297,0.3943761784131315,0.21933913099990984,0.3400861723037741
11,0.0728051154738246,0.22167164894724886,0.13266959496565223,0.21750778590472275,0.21043943126429485,0.31299322291920967,0.0400455310292156,0.4798464073101709,0.4783163913322899,0.5032759124884513,0.49540474590933076
11,0.2535177406428574,0.284071256957171,0.5647769277100567,0.10615730725211973,0.19039183883984082,0.15406048525339835,0.29351371787120767,0.2324728262901878,0.2165914964694008,0.5506314479682538,0.10757298275731403
11,0.5002854538402955,0.2599554822544391,0.3971663584457533,0.39160847648360825,0.02947777325099133,0.3707329879409921,0.242297255219101,0.4121334362933588,0.059987985433966856,0.38310682139224667,0.42406097521403757
11,0.4967964049829637,0.3751100325421159,0.15537890711534327,0.15111683466933565,0.25659934109586213,0.4146468432981043,0.19675398874057545,0.5539435189064482,0.12522981995116494,0.25886719965377464,0.45877370996815653
11,0.3547288294685897,0.10995562913585014,0.44278039293599813,0.23220794223961091,0.47986519468889854,0.1714206952896105,0.2297894082291056,0.5452348654309115,0.5154337902401628,0.4887540334577799,0.2857265085202501
11,0.010714782339160187,0.4138577584345034,0.11356750092760623,0.26931464551504264,0.20233189505057525,0.31355346142745943,0.3681536943754992,0.05978665688498115,0.10189367476901845,0.1857418160615715,0.06050078741260695
11,0.3373022612044781,0.36221745782878717,0.4494975792657351,0.1571306733281163,0.44082740470318027,0.17006712057485462,0.21777398821088434,0.5484895142461473,0.312628040905664,0.1149600300065641,0.3130871392388949
11,0.17507429044294226,0.28627806006195705,0.09253977818230193,0.2914916635522955,0.10186584626766129,0.38019821110909335,0.07220928320036164,0.3762674336429884,0.20599665691925953,0.25450300727400305,0.37045964237125734
11,0.1876309392875302,0.21511393974380102,0.3384640070185299,0.41134743688782455,0.29801129226501655,0.44898452019166746,0.414124534691944,0.1155863982628183,0.24756252198014142,0.14416806037615335,0.44786615346916175
11,0.09672786162915332,0.19049051755147398,0.09242166428751353,0.42813477898865765,0.21428668917435165,0.30786706805367264,0.47360546363717476,0.23194501733053893,0.45735739683290993,0.08515460333351282,0.2802714418236885
11,0.1157159402169335,0.29313618929750923,0.510173364128067,0.2663626718974874,0.45249696010418444,0.36246127971414166,0.5066578260733475,0.4682669328304854,0.49924472453270924,0.44869206802158135,0.16824034722159903
11,0.41962752783409746,0.4103438933447822,0.31554024908433337,0.30733100163372007,0.13372194436235085,0.10014390560695337,0.15740700571905825,0.4357703544782284,0.15727582711823096,0.3650721292516552,0.5246229269153613
11,0.30031218899316003,0.43530674496294586,0.31210267732298874,0.5447937150774376,0.09221425640738627,0.2264702724315618,0.30601285507477577,0.18915293798014354,0.48053826165927227,0.33986604837749174,0.09422315277100418
11,0.23915517544671863,0.2558815722631329,0.30499886130156584,0.2668506656690099,0.5017348927750389,0.15196008024926558,0.18582760652829575,0.11292589415778097,0.42317124559216807,0.467639757270569,0.4714553604838721
11,0.4544505830597607,0.2932829334092149,0.13707362734963033,0.3171112457717548,0.08769396799564472,0.16411855252803412,0.4010612109119386,0.10678680405325368,0.4908529382062022,0.14072827371446173,0.13556543790272862
12,0.5266341433766254,0.16471134102186644,0.11286915139713857,0.5245557657552663,0.4723648668780327,0.21630621924307103,0.19610428320245984,0.47737180609062635,0.4638353531663496,0.5291532484737855,0.20965928342648346,0.4099113098823762
19,0.09883115455765601,0.2537607843144971,0.28142728441904175,0.1856705609287287,0.3663496971922006,0.2504351299403246,0.08603353440273377,0.06632883688248155,0.1649490717317998,0.11750224490918433,0.3862018252442226,0.26311761531390293,0.12653330361220644,0.1539688679961037,0.25955721181039315,0.12845801042037144,0.3557961781404647,0.33637711186335045,0.13945901497492458
19,0.1023215019086672,0.10573596791518346,0.48335531851241764,0.3315305883215423,0.0986896904501922,0.2593551638600942,0.28837194267402105,0.1810728240657135,0.45815502551319776,0.3585315011252907,0.5195860751843364,0.5203672693636361,0.20288542975360002,0.14457358646715554,0.267995010864659,0.5552617976228349,0.5496938186022089,0.39500142789928877,0.4494804634018444
19,0.4525604619625855,0.2609137800990074,0.4174416421518725,0.355742497856189,0.5414622899533764,0.5289282296835277,0.3779739292395045,0.12387550138760371,0.12521266006633755,0.4734333622107767,0.38053822730086345,0.3534605852397011,0.15310611174132008,0.41837725139207693,0.48331115774492267,0.13132913502576257,0.29784750778236363,0.4525869324461067,0.29947977313640767
19,0.19408433433594877,0.20433897179264682,0.4455524457401472,0.5136009170504238,0.5150435692143533,0.36081189271257536,0.09479583056033652,0.5699997094192547,0.2913586632898225,0.35533290417888885,0.3523935388354472,0.2330850209260668,0.34958367887830044,0.1474588788159964,0.14966500198013924,0.12596046332026248,0.5355972269129949,0.24848553924403174,0.4498199022691261
19,0.5465135843348504,0.3448179821190072,0.12917383037057228,0.30310058845722143,0.06194066468350456,0.1898909268015388,0.15748941665752,0.439564583989504,0.1441286244314375,0.4679441419893806,0.11174412269631002,0.5057108894240027,0.25395304715614114,0.1994472931188147,0.317010258228741,0.06537672361949741,0.35085614353096817,0.5798971689539176,0.32756775349761563
19,0.34801141359323234,0.5505245605779491,0.1263463462809745,0.15979419938544792,0.48635315999903567,0.3172633485366612,0.13254890741222106,0.24019271108904558,0.3318633170766593,0.4435234707551449,0.48000654779169233,0.17046227527912833,0.46690750477400367,0.23685308665521201,0.12480621258863887,0.5356561342526921,0.2702206363292477,0.10557661269620534,0.3268422052170527
19,0.2543541957846236,0.33769421827154006,0.18889411255142147,0.457428387980851,0.12601239074016252,0.33033755444306007,0.30989418016859416,0.2775031739017259,0.19946948919387356,0.1416612756605918,0.091734451833737,0.24526756582496514,0.2807429592763026,0.3497522488689432,0.27981490707616186,0.1965231947959965,0.19084363533767085,0.23643481613579484,0.44570664186764825
19,0.2970106271400092,0.07383672860269151,0.22764246433137328,0.20791244520052948,0.1092081926775182,0.17140581507267993,0.40228298543215935,0.0982226873264704,0.20152191281774087,0.30359734151018825,0.43744232551705814,0.27464892094987975,0.398572404074498,0.3868939963792394,0.4301698565485797,0.3586155712422798,0.27359643311034926,0.39624759632678985,0.12172288094042777
19,0.40737327951370184,0.4180977966531871,0.17605068394978793,0.4480305621893157,0.284553063056168,0.47560768064533465,0.4802385620069078,0.11291503231692335,0.33210973803584115,0.1402236918046591,0.33789717579279227,0.17390438944377368,0.0779951803973369,0.09330056415356412,0.4883229853597784,0.4857002033246581,0.3107011627894171,0.10132781535105538,0.1546627930064461
19,0.27595402168415306,0.10832731386295862,0.2778969637313988,0.45634925816421473,0.4158418791514572,0.45687345158617754,0.2822599040298654,0.10399584928466432,0.21175339491218728,0.5607461114753574,0.2744033512550152,0.320024243312101,0.3051044060365211,0.15407519073379328,0.16588872464890259,0.19734728229183068,0.5109002623007531,0.33026265894032325,0.18196493898927985
19,0.07852926820631825,0.5893364349674498,0.48180865319489835,0.4714751525317355,0.2234589951289532,0.43388929127301756,0.5110343976455156,0.27683726617856974,0.5810019795930554,0.28253343395130615,0.15785899611607035,0.223712377838693,0.24613076557409447,0.4360234614161953,0.5205570379119786,0.23347760765457784,0.4500521499344814,0.20489486255038422,0.14981962668092713
19,0.15047697339897423,0.3035949093431584,0.5304286758147534,0.2600917417514144,0.3091449795584257,0.37075009736527254,0.41032134486104765,0.23977182613178671,0.4623797161628121,0.4126591128561474,0.4741972391769167,0.1441787711114197,0.4951009459574532,0.22244750669877073,0.28124061823161917,0.42699124100319835,0.419379240542129,0.3474005893008339,0.20813212779936924
9,0.5861887022324607,0.2539114195112933,0.29571443584856516,0.0739585502906471,0.48623914658633643,0.16688908986260323,0.17006908808830146,0.3329286690244486,0.31528958449833283
9,0.34169551108263146,0.38820468477719855,0.44418491782972397,0.1757108978413267,0.22301275086993821,0.4144463356254922,0.5569748098240551,0.418949512114499,0.28210695008623937
9,0.5048100916658658,0.4071583481881761,0.09045208611312085,0.3587841644725604,0.145856796849071,0.5445116850430682,0.389024490669988,0.19320721361873308,0.4015784970160688
9,0.11814420116985716,0.2886563016302339,0.18112058494687513,0.2546686524601871,0.24033876045637909,0.25964753491686127,0.21847269697536703,0.2095931286690914,0.5402640352248571
9,0.45138967877640346,0.2713046922905109,0.3655428091557593,0.09800469050343218,0.41263156421083313,0.45475380277506444,0.06836553641683019,0.3002831668285613,0.21820580029169728
9,0.4013307565195076,0.5202295648053175,0.14297320206506647,0.3630449662105801,0.06454209382065304,0.08329092915968034,0.18536484425713623,0.24513846381753293,0.42028976992232786
9,0.10615922160499261,0.45741086664660946,0.08832234612788957,0.33200890050101906,0.40313525574662934,0.4872893797021644,0.4175228772647846,0.2619047699940191,0.46850681849737535
9,0.25889985660918285,0.46061085547497105,0.14284493368209814,0.44864568753438044,0.468610629856684,0.40118044720426516,0.06289728506777988,0.5212875434000585,0.2163195276580912
9,0.30368293843647926,0.5392402281303481,0.11986404442142269,0.050862511007377285,0.10495329720594752,0.07717431051078906,0.42162572822364364,0.3446834313630608,0.23111053111002472
9,0.1909954164140289,0.12867210550237101,0.14457122888432763,0.31162765480809035,0.32887048418528747,0.08268917403859899,0.3912618774994106,0.1497671606712092,0.4477907564800358
9,0.4468541432334682,0.16971684203221366,0.22472533675720066,0.40608601505882025,0.12557773020196553,0.5056815077838458,0.09446125999182776,0.12849607099204916,0.28283381620271814
9,0.5154415171525594,0.29171188880509225,0.5165074828769469,0.45534150820686403,0.22876924780390595,0.5522036128724804,0.32281634663870407,0.17365304675391294,0.3497723155950428
9,0.308441680730825,0.5763917111572627,0.3520908522528009,0.20625093750212678,0.5076916877138428,0.29415948541331743,0.2796255124829885,0.3186030131340323,0.5001519890668189
9,0.5090241061313402,0.5276918583657015,0.1866308596427967,0.5507337486811631,0.39094639717084073,0.34905132875266665,0.33026378674626244,0.33422932448907294,0.43131444121754275
9,0.35894544671897805,0.2169611164907128,0.11191454168105552,0.1401224613685199,0.5241563462854949,0.2831873365227592,0.2895516199150764,0.44677695870092476,0.18010548678364696
9,0.5343101104155926,0.23284801534372246,0.16940408594367562,0.5578098990956646,0.08322964313529356,0.46307972020142885,0.3460073792159961,0.33631286124569865,0.06130113804137122
9,0.18960796151123038,0.4383306486149919,0.34795977532232814,0.30690138150897756,0.22691038007911138,0.3889961725496446,0.14645096578341313,0.4826759600227847,0.20814157846944398
9,0.6582454429492677,0.7652159623446312,0.7308694779274664,0.7291139770523006,0.7298847128347724,0.6544678325311639,0.6655295912501432,0.5490282589152835,0.5138429301167071
15,0.413122934146186,0.5995592883351247,0.6952671738945267,0.6575081418776468,0.541547765982754,0.6359129497657255,0.5792935973448456,0.4745494406710068,0.6689802061235024,0.5316244629559824,0.659700635607769,0.6333410588255616,0.6777899865025521,0.6831976413157492,0.5289238867919153
15,0.5720647525415672,0.34650190030319955,0.3239908047718415,0.495888993115544,0.43187441295733814,0.4403679086440934,0.5042506706772159,0.49355543700179544,0.3907206922158089,0.607617045366336,0.4146005258539489,0.3942455926625435,0.47346157126766464,0.4302247644646265,0.42420937908076
15,0.5986763483235288,0.5954517364410623,0.40766086960919035,0.5147994727960321,0.5526464749160183,0.2740865072366327,0.38564595224526166,0.5388334408214887,0.3990399109271472,0.2665259678151164,0.35901401162070273,0.5562705733875375,0.4254551430687093,0.5418517520565391,0.4745643428422533
15,0.1788937839172823,0.21234351331906134,0.31992664808880195,0.2156870176949672,0.2341204381206882,0.24900367064876028,0.44751136089140364,0.1881630223009872,0.3854822479404226,0.5454365497314321,0.38470567660781646,0.5444735421671715,0.29849093586613384,0.34789194457826134,0.40791049886798164
15,0.5215575017811992,0.457977322736196,0.42716946345086204,0.3837945814124591,0.327637021576031,0.23333783476784317,0.3918982371645046,0.15079141645151553,0.178709494950987,0.33313552028708204,0.2886429715193718,0.30336243901342624,0.1420847938183656,0.4103382327926796,1.5970514525938986
15,0.31313285637315763,0.19450956642659636,0.24768173640943558,0.30775433536002794,0.21071212912892884,0.11382180804320602,0.4938207233852066,0.32294410276208924,0.41237956493762984,0.12443999166219519,0.5018984696599001,0.48004276822546293,0.5154836685591151,0.3904304184402858,1.2713985853722827
15,0.4136919217269819,0.16071512627055165,0.4089363528073588,0.46009332613646803,0.10516002357180168,0.19889660860636998,0.48055686088285565,0.2328740510845536,0.3610442291316001,0.40323501788538196,0.46559871031361005,0.3723327152253508,0.23678739436927654,0.474640859537256,1.1317120072220737
14,0.14700373923062654,0.4306748238836977,0.12955438992397403,0.20534280915151343,0.30457386630698163,0.5287657735920999,0.5268897915795536,0.30632783395716795,0.4771990575084437,0.4053483994259824,0.319199935931524,0.43225306313494,0.46962028790926197,0.09173105377581009
14,0.44261165331847835,0.09579501157959633,0.09693958160875762,0.42363256090697926,0.46513300193106505,0.13970630166029419,0.1796312710314321,0.5544615079415968,0.08098797768682856,0.2347985568214804,0.453301086324218,0.4230937080714741,0.4847768886773806,0.5124424743163897
14,0.26809946079301167,0.5005372748681669,0.23749682594583277,0.0998931013423107,0.3736107451366803,0.27572188302491146,0.5544330630883982,0.30883084815177925,0.2303243662727682,0.24338256990312626,0.3780003716986275,0.09935006061359301,0.24215830251981169,0.06890196188986517
14,0.07377848126161896,0.11833542847713524,0.23330043473242787,0.26982067595143544,0.33656302975556496,0.16379274036338673,0.24336681812422126,0.23851828288269847,0.4477236117974065,0.43326440496671836,0.2477520414133816,0.49946631965815685,0.4189814776197456,0.2828473566475681
14,0.39778871157450857,0.1268636149624572,0.5163470021449521,0.3756142286644209,0.10028995538011276,0.3030028149567303,0.3270707189914394,0.18093755945736262,0.06270372637088885,0.12603207159217597,0.15895432578313756,0.08365827307139238,0.1462233989782547,0.46600057605459366
14,0.10506087269438523,0.4514120009317669,0.4276270733695039,0.40867370516401713,0.1209037733552363,0.0628449691938794,0.5010749109418323,0.48962551847609637,0.44382583529293407,0.2202097040944245,0.24756527092765568,0.3469978240899075,0.40734727758285044,0.12290674888027134
14,0.4803920368418285,0.07097815119291018,0.1477056963771276,0.285801901758497,0.20566564906249335,0.4826134525002845,0.02808733334097892,0.18002826512765707,0.3714405166696567,0.08316014934274128,0.1393382318518425,0.11298832532786893,0.16147970657210647,0.21355557248652096
14,0.2735220848738059,0.26853591799716764,0.39591619499745456,0.07643363782255995,0.1720972934950937,0.2708063629029237,0.3106313666254207,0.18342833460654226,0.44551088872920996,0.2254313775130382,0.4355871557963898,0.1706748380458168,0.09033672043874595,0.130106871762077
14,0.4737057688031238,0.08591063267316773,0.40370136587120364,0.34556635719492473,0.22514350941716324,0.053442480696652424,0.5400540450747796,0.4185193197133181,0.3891429289522582,0.30607036657644243,0.11900431203706037,0.11162304351127084,0.2478582716427402,0.3855770619739458
14,0.5259762238623954,0.5782609452842121,0.5495757488349208,0.17736393684853602,0.34872736184475434,0.23065163911797573,0.4751570449620189,0.38379324425839817,0.322278033541403,0.2558502882474257,0.40061305721928536,0.42257200357515484,0.1770012987835039,0.4398938443955363
14,0.21914501211756304,0.33524801566889295,0.07513271726733003,0.2101756223735908,0.4457962083012943,0.406721718804649,0.39650962893543645,0.19936711853812727,0.2959766803849201,0.4794317589543446,0.11967249642237344,0.34807609421209634,0.5499772452919286,0.5378030052056619
14,0.39864063632117297,0.081015741295468,0.12628480513842888,0.21103717357473348,0.06937258732379922,0.5260759252403083,0.5055017755156646,0.07113402983920289,0.049491513486631764,0.21767811413404065,0.39156553031961944,0.5154030215386487,0.3204898342747778,0.4222661292124237
14,0.40100455197526214,0.5230812474242933,0.3556932939378162,0.4386490611919968,0.14497216654291206,0.08492045392332571,0.2323377575548204,0.36957213154487617,0.3864126052345297,0.2290264796468872,0.5273082922741522,0.05164164711569335,0.3622696055338502,0.21844474441579934
14,0.3335538174062391,0.37877094993710525,0.3774878088676883,0.4432983366657227,0.07943859896568678,0.4330845928092197,0.09289371954410595,0.4834851095234307,0.3120041323529481,0.462138305824246,0.35598359169780747,0.1157865137024796,0.3597239393263312,0.17108010667733226
14,0.0854106553952368,0.44581341060445534,0.3096408910101454,0.11718138928869962,0.4772389988353885,0.23029895857901095,0.4980357970758746,0.1623267708096802,0.568688564552442,0.3280795652138651,0.3945016718999254,0.567430267138009,0.3985441109608733,0.34702343102953287
14,0.15010133052595812,0.17807268982508723,0.5277571655519541,0.47368980761054247,0.2292496629407144,0.27018479550325303,0.47773139905329337,0.567924966032613,0.5032305441181166,0.39206625271284895,0.3551698992785395,0.20425819172519596,0.2094194122211457,0.07450279418840844
14,0.16431565307419088,0.29710911960881425,0.27703051491143404,0.42400548239357744,0.42611194594013785,0.34473079134653833,0.1404170108957575,0.33727263696666526,0.5012644731760506,0.3081080015732748,0.1006568704763015,0.22293310321143853,0.13288925552897585,0.30427851654016713
14,0.4344164200237964,0.30812386154070537,0.5275146888864802,0.49726908101997497,0.1797400934106011,0.3170762817030405,0.2046895660097676,0.1368217823734628,0.3481457812240801,0.17531147372306605,0.2536329389548468,0.13716297855999823,0.1317422226127079,0.07486948521473383
14,0.29139459528464223,0.25395055175471926,0.46208714019786185,0.1573802601907823,0.18642346624958217,0.4394071300940408,0.3749818436735977,0.18238880044925174,0.4322110457767556,0.25259471538764855,0.5153500674623314,0.5121015028888797,0.30064810620972654,0.252194214473021
14,0.27621608892577093,0.053574485621447544,0.3457813689696067,0.34282671195208353,0.42250533055983897,0.1466533145471014,0.3707650818909775,0.3708122472954121,0.3852490090244233,0.36129368247954635,0.4693191566983973,0.037633626247989375,0.2995917030470229,0.3701801799881818
14,0.42796920653537135,0.3261836536208673,0.43764131544593904,0.4749972282254986,0.37956584575146884,0.09171275372288121,0.4905213962215081,0.27017656824786085,0.1839914886139201,0.0957807803119052,0.29351344497415466,0.4959958941707047,0.2960858407095228,0.3135743849641425
14,0.28431088923249154,0.3872075691992609,0.35117759869066867,0.42708482546292736,0.09304070695436323,0.17877980501293508,0.5422690367106762,0.171272584973672,0.434778606008918,0.522692025896568,0.521703985321361,0.37973988445566775,0.2615340434115334,0.3760638999036661
14,0.2872833802931435,0.20434791948159944,0.5315800778856212,0.4954071256051527,0.48266058853869387,0.0363648428662113,0.4040811054679607,0.34012868811702335,0.34490452002383815,0.12037254963901949,0.1421116515965811,0.45140904094289425,0.476439239526382,0.534225064767573
14,0.3312297956258519,0.3977293803417949,0.34685194064944064,0.5133846258152349,0.5061127639818446,0.3783583542210742,0.49036303145749977,0.10394907736765695,0.47499652862469516,0.27992544045030276,0.2487365814819942,0.3391909472983897,0.34535769559433904,0.17289637324188362
14,0.3117570848439581,0.35142313620881827,0.41899265450593837,0.18947834000428698,0.30060845484162035,0.18963984365639291,0.20353268260594576,0.3240791323661011,0.3281009757623539,0.22048531148878597,0.5401757399493694,0.08298639967678882,0.4868162061457161,0.30731781723409934
14,0.13118826761171867,0.066758516827618,0.5199057060931391,0.4058544335193586,0.28694811300827455,0.18401251569662158,0.4503997992131769,0.13065743137143765,0.11030378139227767,0.17344868402866534,0.0887804186345804,0.3046493973364045,0.1337674388587524,0.2799836141426003
14,0.3280056604585587,0.4122105996116637,0.18579511914037858,0.1464358651215296,0.5080141934666348,0.09512378068753788,0.14895958907068693,0.0765365214113926,0.26443097603258725,0.2339270998447326,0.10607135111808196,0.11264207171308296,0.4265971330955921,0.17178849874623572
14,0.14386550828822894,0.09087331954312536,0.1468313058577288,0.07194080068492684,0.30075574362394975,0.1915880166275869,0.3114653096749682,0.23804354543846615,0.3405061098072954,0.07963108447079793,0.4073043038259365,0.511280477543995,0.3565462601835497,0.5541382778042143
13,0.5179680408767591,0.36950067882643034,0.2138854999022594,0.09284209247815008,0.19665514350194452,0.05506165962332071,0.32302787113498516,0.3518646345508228,0.16229897581244818,0.3995896948798325,0.08372864644654264,0.3344542954770103,0.45743468022824674
0,
0,
0,
0,
0,
0,
0,
0,
0,
0,
0,
0,
0,
0,
0,
0,
0,
0,
0,
0,
0,
0,
0,
0,
0,
0,
0,
0,
0,
0,
0,
0,
0,
0,
0,
0,
0,
0,
0,
0,
0,
0,
0,
0,
0,
0,
0,
0,
0,
0,
0,
0,
0,
0,
0,
0,
0,
0,
0,
0,
0,
0,
0,
0,
0,
0,
0,
0,
0,
0,
0,
0,
0,
0,
0,
0,
0,
0,
0,
0,
0,
0,
0,
0,
0,
0,
0,
0,
0,
0,
0,
0,
0,
0,
0,
0,
0,
0,
0,
0,
0,
