0,
0,
0,
0,
0,
0,
0,
0,
0,
0,
0,
0,
0,
0,
0,
0,
0,
0,
1,0.31755861439031235
1,0.46330918884184485
1,0.12348868160751042
1,0.1261441077661118
1,0.2549998003443877
1,0.21686557821380442
1,0.5096268207157832
1,0.14129438933933186
1,0.4465361433974551
2,0.21450282892894895,0.467290957281479
2,0.06532884534765487,0.15830680990938853
2,0.46088009043904127,0.47580397032010513
2,0.2218945624194441,0.5140363435438648
2,0.4199480469897526,0.08692931922056675
2,0.3997353170394579,0.45662548383069707
3,0.497362766476016,0.3971071367209393,0.22011225962659078
3,0.3490895842840486,0.14972100279500375,0.4581430945858949
3,0.15962304143561373,0.4776064380773558,0.06339353503976018
3,0.1495992135974729,0.3274960482507864,0.12934732637807678
3,0.3449828726398381,0.45887594489141165,0.3784513673199142
3,0.2518176703012633,0.3627297487421605,0.2712034291001044
3,0.42471071814145694,0.4175305142275019,0.27281824473348265
3,0.48980282227317457,0.3692963697101158,0.16279895827029417
3,0.46296344365122705,0.32465375420368403,0.2570022765051941
3,0.09435215019715232,0.5259308651639513,0.3927748287416825
3,0.15006902547472895,0.20149174604969639,0.1407327034751418
3,0.3179532641425807,0.43389105279156803,0.41234289342275965
3,0.21083247880372497,0.5106144340199393,0.3055364436846022
3,0.3742740356867312,0.19828322348631952,0.3848035204303419
3,0.300570729301241,0.09804323442695755,0.08455948051452829
3,0.23153754700181167,0.08531516511053243,0.4205715269441811
3,0.4639929478985452,0.2538354859559616,0.19631551622274532
3,0.31839301563135375,0.49027475491109584,0.5051317297275221
3,0.1042967619772483,0.14974674316798398,0.40006756680061334
4,0.13001116921084283,0.1249224726596248,0.47295394077584674,0.3978875053797332
4,0.1318995186077439,0.3334702657225385,0.5325896733669149,0.32368901618382495
4,0.4769438198418889,0.40231350361050106,0.4985126828524692,0.06108860453989333
4,0.5422228522261905,0.4445826484796212,0.19832121576608588,0.3482600184295898
4,0.09334472187689008,0.4183276131763604,0.35759511276580785,0.4431865068299056
3,0.5434091544929256,0.1367680520829641,0.5278694317792435
3,0.26208461271939903,0.32412260486278804,0.3464121362455695
3,0.39493183252331715,0.5393383559331546,0.41879857711033913
3,0.34439310623297587,0.19275383556110276,0.4253492294812247
3,0.5332555329853934,0.1404656079934265,0.14031640802353879
3,0.35690096197706817,0.4132136053686854,0.5225692992356996
3,0.2648546585074279,0.33166946002516545,0.46289357921465674
3,0.07885887035218525,0.2330863203590408,0.20377614879639652
3,0.3647704742040419,0.2962125063804653,0.4986512201412336
2,0.38972492247616425,0.187310843631531
2,0.32602882007828254,0.42554639586812365
2,0.0742196028074435,0.14032918300940495
2,0.40713924758297665,0.5025723883623605
2,0.05202025937790761,0.5163560603824298
2,0.18023673675809077,0.1293932125862875
2,0.4526829093338364,0.051265977917921035
2,0.2572610944904716,0.534985654592065
2,0.24853443107842738,0.5295264217058064
2,0.10611675075052224,0.15372272857069907
2,0.0909494718056732,0.42030612864958855
2,0.3334923091522464,0.5153380067972588
2,0.3582078070167752,0.20256385375468083
2,0.21178790036734269,0.2969391731553401
2,0.36611765920602274,0.1012732233059443
2,0.39841803003586146,0.18855161419827354
2,0.23740157016967917,0.5045774850998539
2,0.5493839315805324,0.1383116624814132
2,0.5422878144029928,0.0550974756839398
1,0.08219832316825232
1,0.1352718312432471
1,0.3868283706774874
1,0.35042188763680154
1,0.08854465504642667
1,0.08641135908675718
1,0.20637250521993705
1,0.5255831978596108
1,0.3194548878639369
1,0.43302120804726346
1,0.2882954374540558
1,0.5175114812977624
1,0.3629045314407107
1,0.14481180716856207
1,0.3697417330574982
1,0.4360919992835088
1,0.22269404534222953
1,0.49472871371917
1,0.20491954222728376
1,0.2325075634227876
1,0.09207424606140352
1,0.09503960838423081
1,0.541785846936718
1,0.35099704601311127
1,0.05708550058670708
1,0.32933211723856876
1,0.4098473229147375
1,0.3589754271501217
1,0.3831899123759725
1,0.4094694565595532
1,0.4861863139357618
1,0.2866825775894383
1,0.10077060588490389
1,0.39777481255429353
0,
0,
0,
0,
0,
0,
0,
0,
0,
0,
0,
1,0.320321931493251
1,0.4889486409110683
1,0.3114518693064909
1,0.5261119198799944
1,0.1357048246113069
1,0.49371679922250594
1,0.21734848536432588
1,0.533925835902479
1,0.28405238622054135
1,0.25375937544712085
1,0.21095824678121616
1,0.39078461590763486
1,0.31645886908212556
1,0.26791511601162493
1,0.34271569635018434
1,0.42939650881857444
1,0.5352653031740862
1,0.2289123990141469
1,0.21775764895988153
1,0.2906121658846375
1,0.43346157346276065
1,0.3375955076095108
1,0.08195740212267649
1,0.3668339824850257
1,0.4773026956872764
1,0.10631988527952824
1,0.13469879514503053
0,
0,
0,
0,
0,
0,
0,
0,
0,
0,
0,
0,
0,
0,
0,
0,
0,
0,
0,
0,
0,
0,
0,
0,
0,
0,
0,
0,
0,
0,
0,
0,
0,
0,
0,
0,
0,
0,
0,
0,
0,
0,
0,
3,1.9147825571996868,0.9550208563345717,0.2036715474416974
3,0.5184973245094522,0.432487367067496,0.33608943508894823
3,0.23661933842153726,0.2630984680521448,0.15621990260735347
3,0.1287474705563679,0.06877690510620892,0.4966303692650961
3,0.44145859420892286,0.8157740031648548,0.16138921566787984
3,0.5391355789406569,0.4693121010839337,0.414769493238388
3,0.7157169179838876,0.40242364745626186,0.09190762769967337
3,0.33356534683237016,0.27975880804684927,0.28144927077050613
3,0.2623332927299631,0.07994166295627654,0.2185346937349521
4,0.5346719747276134,0.36029777444813066,0.07236022057186015,0.13029423110324542
5,0.42129964084654664,0.5630127525425944,0.1361459654598149,0.3072569479299434,0.2633038568660397
5,0.7333463091160127,0.3078204040977175,0.31092734535893524,0.16570917479658562,0.19768986533850202
5,0.6091854577544582,0.5831689513306652,0.4395379924820298,0.27585640096959435,0.48376336994600866
6,0.5938148300819035,0.2675227735622138,0.21681705347569785,0.47624637852726814,0.09885261338479708,0.05363358635084564
5,0.45128273849506606,0.47735084976968795,0.20658966038452592,0.12237970172298848,0.2824641208738932
5,0.49616247955825016,0.49814958455590375,0.3545624566768549,0.1912974587141251,0.17613872272278014
5,0.25105654111285036,0.2357174828709416,0.12480311633708246,0.2093181193282115,0.1166081385388953
6,0.48967898751145433,0.2506166982526463,0.4220902692678706,0.4971930562793186,0.14816996890699777,0.23912753313990906
8,0.2530926237574966,0.2888895458950877,0.23234595525301388,0.42374482112979533,0.38864471931777095,0.18820388980289968,0.13640104776642634,0.24611198278407195
7,0.23999891932288425,0.12915913962461306,0.22006061191648113,0.3475644399501091,0.3663488595366846,0.13678957475117104,0.3172518983763671
9,0.12344254366254001,0.26882925146821035,0.07640382592540403,0.16730540154690626,0.5310894354989981,0.5088260538060487,0.14618979677928284,0.5411105487380092,0.23704826352388164
8,0.40377019522542396,0.11921398979380876,0.31767444669490086,0.26010659858271784,0.4688133969352028,0.07721424116832447,0.1387466491774096,0.45273240617869154
8,0.2771857676020897,0.3749266605194984,0.367794777398315,0.2523631468428995,0.5062033018398864,0.45276058348605785,0.14225555233574183,0.10056910522832074
9,0.25201021767370885,0.36421694584105213,0.2712987966122918,0.1752255343500423,0.15078297493698234,0.5487848237572209,0.04821427222565507,0.4308311545943152,0.2594119114925533
10,0.1226329885675547,0.0930950149562809,0.40584163452907634,0.09379271294300467,0.4049532607759667,0.10245728042291069,0.6120763283596632,0.10569569469121606,0.32273658632024216,0.28510616187790755
10,0.368157923870717,0.3704993628710138,0.08005247720190609,0.11482250516623928,0.08004192908275208,0.2957829698276346,0.1911578317987301,0.5074314798571776,0.08692957101216421,0.34275139845497027
11,0.3634363933606887,0.6689734458993124,0.5531630483656085,0.09926429091726272,0.06420470668659557,0.33174771977883805,0.14779708035422487,0.4013575636743886,0.3463800959568177,0.53707088097594,0.27033176564286093
12,0.4271825317919228,0.272928795498631,0.48545696055447507,0.2810043542861218,0.12174922031895864,0.23599633021216415,0.27383010886069475,0.4130716241987001,0.31332624424717237,0.4926096261495631,0.6405840359803641,0.3371221838211064
13,0.049290772516645785,0.2524483952017457,0.06198789171686594,0.174623818667997,0.4374292869826967,0.27600730060987055,0.32904405697601885,0.31759860174078686,0.12252776212604474,0.49770535065326366,0.5967996609551155,0.21732143949666027,0.2762207603583338
12,0.22007162296257543,0.33051879578377463,0.32979230621668154,0.42108640554927146,0.14672830046070834,0.43943841982469173,0.12639585142531368,0.30446593145568607,0.4274809471294021,0.307367537334755,0.15768886555380449,0.44046248806972516
12,0.4004519486326046,0.13235293581167895,0.41389839082229357,0.46988449089535406,0.37459781594003894,0.5348801981309732,0.0743756771350206,0.27840971270482423,0.510269212705328,0.5634055890579569,0.2749780731404784,0.052978596195417935
12,0.024184089008213523,0.3043155784217937,0.24742046867915626,0.5360809685129432,0.16543259322034076,0.5441188996048208,0.48581199723225366,0.37515988810891593,0.21631404147673866,0.4184625552312259,0.32633959883204133,0.22847797458398092
12,0.20868094277461863,0.4818951651888439,0.33843569902770543,0.39091119954504483,0.2772268244481797,0.5314355310148415,0.06884985820406064,0.33734944107167397,0.2800334248115028,0.3615134426898898,0.07268703320139532,0.24258365949708452
12,0.4176833062124033,0.3220350281358448,0.5011892725573079,0.37279968241967254,0.07714610131807664,0.44947093192215154,0.42358855350039476,0.15491161803763862,0.20005884184369174,0.4027784595586355,0.20343906617623714,0.1864492857708601
11,0.4691170833099507,0.10756993344486306,0.1069899444895516,0.2648230346556953,0.3873506300050286,0.5038527273117319,0.16218678311373755,0.43073181231075713,0.17036710427445875,0.4903745910609561,0.5273379991385174
11,0.18394076404949752,0.5460235339826233,0.202707115255794,0.2925023746113195,0.18169449191573356,0.1839885563589687,0.18210379363688842,0.4106817698642044,0.2654525203919984,0.4759856421797037,0.2210871698883246
11,0.35086312625200095,0.30662078432898043,0.3520519235733032,0.35960495607611653,0.2011078018345949,0.09348894649770785,0.5845041220165074,0.2143292227705956,0.3221153441165907,0.5100392382577041,0.5379300153510498
11,0.055648731935476314,0.5571399725342769,0.12857482436634077,0.38860359087290214,0.31703351239133054,0.4469487255669701,0.47607476831771717,0.3690302062798155,0.15686928725848903,0.25251109936777194,0.12933085396164395
10,0.06955093965506234,0.27050672244295343,0.308623188309781,0.35890027963999377,0.5479266615050533,0.3614570549240985,0.2858909267794219,0.5380788114857987,0.44394761166729874,0.2901701071238943
9,0.14784418941454125,0.21294906402300845,0.11659360409288037,0.20715005734351027,0.3584495911881102,0.1431077606986432,0.35273402620296274,0.5169395225584343,0.22187969412259526
9,0.5036958340446824,0.24895234551329687,0.05353392134558601,0.3260220108827806,0.5251691776956703,0.2940623693538276,0.43124994191863714,0.5033421434228716,0.1916985218212127
9,0.29174264911298003,0.13010434918241065,0.14514781870719773,0.5104838464780577,0.5552166128930617,0.11509082394010316,0.19345450214591345,0.2653967077571414,0.17269904286882623
8,0.20515461665007842,0.5227936318190544,0.1887603857954812,0.26431661957042707,0.08196355897724174,0.3970821516706393,0.43884521651201286,0.3635707652468914
8,0.4122587534615236,0.18957351667196343,0.1847639317362307,0.5433073893398552,0.5064329542960703,0.07322867277871152,0.3801529552065362,0.526712658692022
8,0.30662429776650263,0.3956307520839309,0.3710853014046389,0.5567386746672137,0.1446606727726228,0.25974774048428023,0.08830707184860584,0.5076066607457917
8,0.38331797279862084,0.35357639490017245,0.1374002498901034,0.29956307376893276,0.19909331615899586,0.45191590698594136,0.11870125197428177,0.4717153607622038
8,0.12881572960649632,0.35755508492109883,0.3902328762371985,0.5248752332410023,0.21796909730005545,0.17972913502339918,0.18207494672859123,0.05230365683345248
8,0.5520660227239966,0.319182753072571,0.16117982740236483,0.34307506512014524,0.5397138067734246,0.49052276614852436,0.1852469599467821,0.17995462834521483
8,0.3037235610961004,0.04753067884270183,0.4780974965537055,0.21571551826504645,0.14935807638523171,0.23855685473314697,0.2434361642614834,0.5261683451034473
8,0.5045419216040379,0.21273226259494954,0.4204765477933343,0.46543631699746707,0.18749582058707323,0.1121742227830186,0.11671098255580414,0.17060514620177547
8,0.10376526167072009,0.3828513972337179,0.34600049654625653,0.3455847816849998,0.10338472093887685,0.39117652758437965,0.224824144296203,0.20529117764643393
8,0.4156393689838904,0.2831403887569095,0.21028733704352168,0.30161152310460315,0.5430412835745575,0.22542340663411603,0.41846572080774186,0.40578152965278175
8,0.3975577068740148,0.40112031379281743,0.32566140319935,0.33227066309784264,0.4767296337278824,0.2815648446719099,0.4722396218488051,0.3357187538468113
8,0.42690074598113853,0.10693528716249888,0.5134175666489371,0.46743930953507057,0.1902378197766165,0.3323374243973084,0.2828471093967704,0.1981170646602216
8,0.15427285990202413,0.4157616334210074,0.14312953013560706,0.26783913435035295,0.12110292535632773,0.2574322570454385,0.5008539581776028,0.3495354182940743
8,0.49542267827176045,0.21488476139348342,0.052967046789076815,0.31565692196543343,0.15724914746163432,0.5004117451370874,0.045223335744273674,0.12744534978651292
8,0.06188270345373458,0.36149233125226893,0.202717299066074,0.21707074895950573,0.5268514588429654,0.26791561823797394,0.15851601562249817,0.3875325636379361
8,0.36936665362379384,0.2241832560435634,0.5306325888868797,0.12064346627939646,0.27942482509553346,0.5750456429821401,0.36746323254622226,0.42201943126972863
8,0.2932824679604072,0.04552618745358186,0.1849238552603769,0.16901680601560087,0.23010473395440453,0.3026724494312002,0.244636461051723,0.48357971021211227
8,0.2572468433548763,0.47752584936851716,0.3025290715808464,0.25025062723985586,0.27197211839063334,0.13038696910118838,0.2556634218050503,0.39865120601473325
8,0.2966901494700941,0.49556463460119277,0.4179809701559178,0.28930877642644265,0.37125630847623364,0.5691160023569676,0.309404655332462,0.4188977906640863
8,0.5607539501719689,0.2815779462998141,0.3616062136993376,0.277850125630215,0.11523627322960601,0.14998084374771145,0.23831242211919018,0.24185935577124257
8,0.23715243952903137,0.4214466548836978,0.3243181773443421,0.3560642196460673,0.2958011643703515,0.2603880894934515,0.1853702434235005,0.22673516766110544
8,0.49573489702493767,0.3803196828414843,0.4555369884964079,0.2787088566042712,0.46900898480356495,0.5249315525785975,0.16837000716069606,0.45607635671586405
8,0.37722736589589906,0.15493196794206374,0.21516248882086844,0.4762467962230285,0.2647470833486967,0.3502327522251246,0.3521953260387318,0.12101272786861757
8,0.22485236502107855,0.23009389167825578,0.13220211201024146,0.13618230020609348,0.2697802083014719,0.5118811639796583,0.39089615371453384,0.21296317880300053
8,0.14973349518843304,0.3043845945198478,0.43527075498556117,0.389214013204258,0.43566203476631116,0.12193118426325358,0.1950927892039414,0.27095652809611137
8,0.42913124566875366,0.18866067326379002,0.3419316068052291,0.4675422135257249,0.4667039170257228,0.323080126402874,0.25993192423182926,0.4481811464205804
8,0.22593215361162727,0.1384956681416838,0.08413186953874778,0.4575664855980976,0.10584256075033355,0.4457033082041591,0.45331252540907613,0.5246836967076254
8,0.4751905586677375,0.3142110281973502,0.15408382071417492,0.10449960300378264,0.3117627314974731,0.4692053688253095,0.15417563687207123,0.22615061068677986
8,0.07613566564008029,0.45058392180574763,0.35534143614608654,0.40558940258283543,0.479974486192671,0.279092670894238,0.36250969240149417,0.3247698702816759
8,0.09434044466528932,0.05265983870087412,0.19038818076852604,0.206623649149703,0.14766835424116587,0.4687071382539792,0.18582812947478802,0.19307541404665793
9,0.5469093260156538,0.055439353492033626,0.43293314997411525,0.22211278843552687,0.3867822146651109,0.2758171160655343,0.06282648612426966,0.47628799729798293,0.14450948601675906
10,0.4263298130753105,0.4709213015510169,0.1724180465724224,0.26686942366934296,0.5327130349564319,0.12302233515763243,0.2186443071078611,0.5528481818480083,0.09318724772011232,0.4942872085748846
10,0.4682126335916848,0.058056470583268405,0.17991395248481756,0.03207825954818571,0.11274484904456442,0.19581129241077821,0.28398506982869237,0.19552905685698255,0.3352374505412723,0.16267487787157053
10,0.3918268614002112,0.14983955201724997,0.5118795972368608,0.3622941334528144,0.26011334797866936,0.20521083528624057,0.25449118897598244,0.47973689369058453,0.4713042633106724,0.0968389625822429
10,0.19532095161840088,0.3627568516693729,0.18130534826979505,0.39726773242123864,0.054050033701909764,0.3617186218959065,0.121791867112394,0.33060490187765695,0.1840079348708204,0.10535910897978648
10,0.5484124783599085,0.2821331749140742,0.14736916830343588,0.15115620610911443,0.05727425155336671,0.08970172387961874,0.35304931404529694,0.20079073910136558,0.13006251243830927,0.2092347334826599
10,0.32768936585578723,0.31711119184710607,0.2598228173159716,0.0625712464073046,0.53839090970571,0.33810686786586647,0.3340216810010912,0.419779912982406,0.22328193542291513,0.38154902160217347
10,0.15784472546719777,0.5052574763555518,0.494733312021033,0.4003344487027465,0.3699532652931266,0.11746581994513962,0.38839976289745476,0.1775265150141777,0.3844445021836955,0.38608809611174927
10,0.2225252592193696,0.1821476722298421,0.21400373623989616,0.08112118169796727,0.4394762265535947,0.5556862796135902,0.11306834182112105,0.16081736019192372,0.3011631322664108,0.0626802562804439
9,0.15010183901013047,0.18763924037124546,0.394379472482005,0.42233488226211713,0.23668571060765564,0.39249954470191145,0.2898946954553375,0.08384457923614025,0.37379426250607434
8,0.5373988359654313,0.48575246866604305,0.5177916527453077,0.22900574276286353,0.29892011790391115,0.3261998274973339,0.3870172466977397,0.5511648893043388
8,0.3379569359756628,0.1516142443375745,0.29495403033390943,0.5044699117827222,0.21643356504490152,0.4223851487148827,0.40270988939203034,0.39648505924451144
7,0.3627750918377313,0.07286709153337088,0.17028145401748684,0.08582808050501917,0.22072006668740377,0.4820715507418648,0.3258296455985964
7,0.22596786153045306,0.5017806046074461,0.39049478475591703,0.5025724207769547,0.5284688906002007,0.5386159752401624,0.2835739315832635
6,0.34244111083596723,0.15822499652342686,0.35103731343533984,0.2430656364661621,0.1247732892220279,0.3705201665442522
5,0.15623963577672217,0.22995448725409542,0.43086914533051807,0.13548395880013248,0.18611562411846197
5,0.5115226232920779,0.40566470466806204,0.5329930310120778,0.1617888741074806,0.44587846226060723
5,0.3997012493129681,0.10566719243593375,0.1603186252884815,0.47005887696932463,0.3915614096710935
5,0.23445838051360043,0.09926172146323346,0.5086117341140888,0.19383898744500178,0.4860512503933882
4,0.2987518874121088,0.45466842251832074,0.23555981880498852,0.33396018091665874
3,0.10056675649760802,0.4363634425210796,0.3385931448499362
4,0.10447505956356073,0.4761641914003944,0.16824912824946592,0.4799499183975748
4,0.35210959385745755,0.5248045719526379,0.3224896867757736,0.3353460486057495
5,0.1520602148235726,0.31546137992955137,0.5016653780282825,0.41383416672879736,0.08324814580764756
5,0.151637929572247,0.10908961395506468,0.19885880372100215,0.48674527016008196,0.4785869927673795
5,0.18690278963968787,0.2493429923481274,0.3144159925413377,0.4052478818259694,0.2601453351487243
5,0.37975100533682743,0.34921473777569767,0.4189452561200154,0.543138696124323,0.5199930381175287
5,0.33956757644647806,0.13338060425326734,0.5573778600434826,0.10044721709168597,0.2893379409313138
5,0.28320968338640146,0.5026466381128919,0.24136033629242268,0.09418755379585723,0.44974067323102734
5,0.14793783905717028,0.3202869423792671,0.5545454392520099,0.20595298251956679,0.31544679459365565
5,0.10797316667081101,0.2643294510367152,0.13502345831816043,0.4551108670919526,0.3137449198660023
5,0.4095350520153501,0.4839410683237798,0.331302965764135,0.3181212482606568,0.4294581619992447
5,0.07909950013120047,0.3440917877646339,0.22554451623241825,0.07892688585919769,0.18468657320845017
5,0.06293356944401517,0.21873941737407762,0.2589674531635216,0.3964834465856033,0.22347715599638338
6,0.15131640571950297,0.3840173520576625,0.3454063892642801,0.17994524752473756,0.3622456050823508,0.24968077398532876
6,0.4187122568797772,0.334176851381058,0.20845167724414906,0.09324505284132789,0.27071093471352015,0.26274752626904035
6,0.5450885910241756,0.43737811286389366,0.48839273535553923,0.2681900699622856,0.3632620446992527,0.1136662550436744
6,0.08485552146529662,0.35904385724763077,0.40704616592664133,0.5335226648257275,0.47314800384425604,0.10447765132591486
6,0.47310722098235863,0.5062574008520094,0.16019217237597405,0.15885236193659547,0.4570392942809892,0.3568483153942716
5,0.22984777016411337,0.35273072183837967,0.39946163917251887,0.18510926034105107,0.3766600928332801
5,0.2577466324745996,0.07026157123957347,0.49696159134248846,0.5570738905454856,0.3179066455593723
5,0.1679012325542852,0.3897243445821424,0.10746473269522447,0.4505787480759996,0.19854049762678677
4,0.485581621514154,0.3416163266094245,0.46188842502278427,0.28990833041687525
4,0.14710481014475624,0.3931600673853834,0.14113439315709672,0.512235243894081
4,0.22459245687945886,0.060970780450496434,0.07720379051287053,0.45106556900794803
3,0.34176643044382304,0.28360172759805385,0.3176840783336949
4,0.3536771490909211,0.23490419252835187,0.3326323096941876,0.3236874739109508
4,0.1979978443292249,0.18392889880734195,0.4496337516833803,0.048289813800598116
3,0.36341745755788296,0.502939768159878,0.5217534765905988
3,0.11285783673992081,0.2602119359331053,0.5507929553649384
3,0.1708617095164958,0.10775741370541976,0.49007953202946236
2,0.10054521474286199,0.283484571073209
2,0.3825942616131098,0.30190770515188775
2,0.5077812144945018,0.46167535260439624
2,0.5112858886940862,0.4484746214129298
2,0.05843798880610726,0.42530244480302554
2,0.24226762037449787,0.40871792842879734
2,0.19089235545987676,0.11108274042363404
2,0.4780418421415354,0.2643964553181999
2,0.30229283120546896,0.1439683835345443
2,0.4331986881532125,0.38462392995028855
2,0.06995669627676014,0.28194385601947236
2,0.5249536480883115,0.323930731305861
2,0.23417237312677802,0.3737878674046979
2,0.4174538053514834,0.40527899741598566
2,0.5153115158133481,0.45686314494155106
2,0.2514434478897614,0.4982163949539859
2,0.10286083619956837,0.26977675070077234
2,0.29737178693260663,0.2055616813790047
2,0.3571840648161986,0.1425081130628444
2,0.28794240809073735,0.20903532834181304
2,0.041679337659337914,0.5076535436989408
2,0.5262613176774472,0.3811583956481535
2,0.41834760569169266,0.42697469246822095
2,0.08851374023884623,0.2024002272703237
2,0.5763602501094397,0.22713763233707934
2,0.14002295747644863,0.18176833987733004
2,0.23308641731397836,0.27288880133988797
2,0.22733793305616298,0.3483195791082648
2,0.1755498495564365,0.3242165439837039
2,0.3693892007164525,0.36241129119838583
2,0.17633372249308607,0.5683337268072173
2,0.3946491384813034,0.31824671069080684
1,0.16401738494058546
1,0.08461936519224533
1,0.1437335128925592
1,0.3962441212598852
1,0.22996287834090792
1,0.24494302762472697
1,0.36707232366427706
1,0.2762082515164171
0,
0,
0,
0,
0,
0,
0,
0,
0,
0,
0,
0,
0,
0,
0,
0,
0,
0,
0,
0,
0,
0,
0,
0,
0,
0,
0,
0,
0,
0,
0,
0,
0,
0,
0,
0,
0,
6,0.8476221220415954,0.20267646075202447,0.22283254033935782,0.17618397051282192,0.15053665442361863,0.6183875786457387
6,0.4180850781026258,0.23097436698558965,0.394992399803489,0.3835642688768162,0.1347281476214221,0.4779631077115304
6,0.48847980970306004,0.19028317305044046,0.44038303810285,0.5003756442005645,0.20806133105452151,0.6299844106165866
6,0.40205170023991643,0.2631465719942297,0.23806450899998352,0.5253069021698766,0.3101703912536676,0.37931106652809937
6,0.07747748552958054,0.05234787647013158,0.11006458366084546,0.1701696019026479,0.21813414238137602,0.2876183752676196
6,0.4313622785150168,0.44263270233066515,0.26463400439112983,0.156232015751206,0.38018100910729025,0.2756980512930568
5,0.15497051822957578,0.407994063701001,0.3341035831104369,0.429044784650642,0.44246707235418015
4,0.5126307254462066,0.2875057693854814,0.31312002201753514,0.5839456057682878
4,0.45022811827265175,0.3698790159924156,0.4427723123126062,0.23440070329607296
4,0.4304134566227427,0.21156248735855848,0.41400832864433057,0.323287880341629
4,0.3413265106785919,0.5394740250313883,0.034587174527137395,0.16724353963788696
4,0.10465852819851718,0.09943167096454181,0.2984435809276773,0.3587873451639801
4,0.49812870729200237,0.06720296335990744,0.2717948573369669,0.440522645904633
4,0.24881792929185897,0.31225076101353616,0.3460086049912639,0.03187317970012733
4,0.3094181276160569,0.5053845544166993,0.1935078705077415,0.5008163971149789
4,0.13973367267762668,0.24011883528966288,0.3997194428339276,0.496871990583608
4,0.3953771082526678,0.050014316304605566,0.08422866769854186,0.354985004960368
4,0.4662669692250283,0.2966824142079752,0.43494623372307684,0.25935844139382874
4,0.08199974769719147,0.249762532215761,0.2777986661718468,0.4728209027859826
4,0.19690726648602583,0.476841259826506,0.24840460380382323,0.4581874207263801
4,0.23643455959494558,0.06188915950473245,0.480195963126602,0.16414645240507564
4,0.2158288918297355,0.23169694870143004,0.39884200677542125,0.22645963313104606
4,0.2880973967793332,0.3801825261592254,0.09008843109953794,0.15083284493890436
5,0.21477801622845877,0.3375961829833955,0.09148968359747006,0.17502023273928108,0.28114846742832594
4,0.16648448470748786,0.2851334753389069,0.08932652968578875,0.26560407899006444
6,0.6746463721739213,0.33471404889444917,0.5355292234341393,0.39383327590404016,0.04265957001232822,0.37318458395109133
6,0.45787291821628184,0.21771672390069421,0.26308313407722755,0.5365242225890231,0.13031529835945502,0.28338682896496886
8,0.08417288962252964,0.5239620997455173,0.5029416930411764,0.2578686875039519,0.3551349929069502,0.39281697933445825,0.1521595633622765,0.06443031911605006
6,0.19931745554347519,0.06349918515805873,0.364515820551007,0.11746004632797476,0.10333357989276397,0.19050148877037554
8,0.18767492905474525,0.4378920870022136,0.31419589125090275,0.047166491990118596,0.05112649969726096,0.30304630056007703,0.3078099153179367,0.10828631089775966
8,0.33141877362403155,0.13780510548114092,0.05512433821518833,0.25732395884827974,0.15737606009031008,0.09978942694109559,0.24228593296044054,0.04149624606696383
7,0.2881633005228848,0.23694903161715625,0.20577449761335265,0.11356804443070181,0.4859529160609521,0.11408590139077915,0.3353662812394131
6,0.41317915359771357,0.22030337091981886,0.061744515113175434,0.19405607285428822,0.17210473999636433,0.09569214493565677
7,0.14890061070091637,0.46698032551953916,0.05604254163495086,0.5186269636471936,0.5453617941576663,0.10213039083997842,0.0957879856422342
7,0.4356742363607304,0.2033659159502262,0.07177374711928877,0.04779528010589957,0.5267532603564605,0.13036906396532044,0.05472456836573355
7,0.39073148997301926,0.22138629938039275,0.0602876929457646,0.06777270173085352,0.4029992678991312,0.08513212704641088,0.1775188336445496
8,0.5979718988067585,0.5477882851245037,0.2630833199395898,0.2854446383686024,0.2898165246501012,0.5059354083121084,0.08838989847661821,0.21937511602729828
9,0.5492326866083175,0.3613567430797762,0.23662186436463684,0.1918424291578184,0.5271785547504719,0.4206712848346215,0.5256610777221624,0.23500521886146938,0.22481451524973242
10,0.46967419266732835,0.23294046529685847,0.10961746082569317,0.4286221433439626,0.18651347430747767,0.24319656278118537,0.2948421484353632,0.1993058113972473,0.07596233025453522,0.16546222287632203
11,0.39346427082033747,0.3949275567149473,0.26966849613416205,0.21926514157644705,0.3442276282833599,0.2113046501072252,0.1414116681167761,0.07780316075703426,0.2989844178579417,0.05734484646229009,0.11820746014819879
10,0.2049122150365483,0.4372100241313292,0.12932731553887358,0.3281106185673839,0.2460896017532448,0.3746559334646071,0.5472447396660622,0.33997254383752856,0.012606678285802017,0.13468085165437704
11,0.04382347137396063,0.3094074732976637,0.48738016485659386,0.1867849530675804,0.5944055083955153,0.3142519480704853,0.14238570951521237,0.2827323982311746,0.5274309367988552,0.12059774969743914,0.10170128602411233
12,0.19858459686528604,0.2810569905632024,0.14826660707939332,0.23515226119904475,0.31720388962827134,0.06642341401253868,0.5902301070706265,0.45105143455819013,0.3685583468535945,0.46233242725806406,0.18475368718198956,0.03753569494009955
13,0.019787767292552383,0.5613179244352656,0.16039842133199642,0.19167109710768854,0.43957901555196455,0.07307674035121865,0.45972027850787184,0.2491842325480329,0.5079772298805131,0.2402411499549077,0.5459188467582041,0.09913368002395291,0.21976066118384469
12,0.13327787866449678,0.4456964163844474,0.4982854224288182,0.1186275388590416,0.3555087774626922,0.2191212215127943,0.13120680503629162,0.5473398149634513,0.13089017573646772,0.41394926400611093,0.33026879695832195,0.3303484775849511
12,0.4096090371884643,0.5304934112404237,0.27392145407290036,0.17453626829918942,0.32797668926490037,0.4273437171373412,0.41162111483300506,0.40592159828364127,0.505225328945028,0.11749351654967197,0.5515424249438751,0.3905354313751658
14,0.4092823045295967,0.3608977087220151,0.5290478176320497,0.1852451970543378,0.2377888129840088,0.14133432269850413,0.43824879897792446,0.4106849245726077,0.14771407651615123,0.3015070413745807,0.04804412555448095,0.45854153547850096,0.43050077402491566,0.3886155971227183
15,0.1935652186427354,0.5028875304208953,0.08644478309247738,0.07306797966392928,0.13002069784978929,0.3700920849874092,0.10211809651532383,0.1559615691732569,0.5507883563622581,0.5003409157760011,0.1414807274814463,0.23120605947987088,0.26171331093313605,0.4815795078868766,0.10561582313679363
16,0.4196747237862137,0.404117226185871,0.41833878140773806,0.44647763344153246,0.498211538344543,0.30212292362889714,0.2920863484220333,0.07473056136929533,0.19551927895982707,0.5455106788751541,0.33952518361934797,0.15041582117423966,0.08881290248016642,0.3458581119460363,0.18878429549215456,0.3625019678304797
18,0.5168153526493977,0.44405018218973913,0.24679826463176455,0.14389835616268443,0.21033684590664886,0.053382172250360446,0.2093537801986492,0.3507081545789464,0.23811393510508777,0.43276710783352357,0.32456684335760927,0.19857765121027465,0.05205982681923813,0.2652944316403752,0.24805657998039657,0.3058836290326168,0.21823661432294095,0.2726918846204514
17,0.3513237196556665,0.5353804696989586,0.2961120949849628,0.5057779601618724,0.3251496871356321,0.22444964710874218,0.19561884940772442,0.27702980128888494,0.06829142263538851,0.16121733330349797,0.16826777577572202,0.21372892014461095,0.42449437652930505,0.37100105155945506,0.42916586411481156,0.32553692711267834,0.2640998428977034
17,0.35425448278555444,0.4299965273518359,0.5466738232017015,0.36262264241204306,0.3881701432031629,0.4515756496129572,0.1812242107811042,0.09014463789874676,0.4021372666589306,0.20353124545089615,0.5759332672994943,0.05867676017478414,0.2834607187613455,0.14817311262450564,0.1774738403838578,0.15895833952622848,0.1213606340842121
20,0.10667136634723305,0.47895968372597253,0.2621644868442196,0.31246967880571785,0.5070851909622818,0.2967193284836219,0.44232542206138403,0.18221277561067908,0.5851231168431754,0.1551968738618872,0.2563849005231178,0.19970296485951622,0.3143932398342296,0.4188455698004301,0.41025225738630766,0.3028111820960499,0.4289604364556737,0.4429210300655571,0.10040335794038319,0.08831814211075033
20,0.4915601370227573,0.08887119698256736,0.2469384877230657,0.15900357410778057,0.3017409020623642,0.4032319300778053,0.1976616893611732,0.5267801856555963,0.6929306783703382,0.13449843847174928,0.25947472378711123,0.17151135702707024,0.37050134736233625,0.45021606180571117,0.2384618580175896,0.12841694364607795,0.28240975248608263,0.11196087075001411,0.22037209068362995,0.15718734069962764
21,0.5103613081601842,0.43377103061674893,0.14590993897666615,0.18394878142043955,0.5334332887878425,0.5078142528987811,0.31533348747814866,0.13309246444377107,0.6565327573737596,0.43098114417490013,0.1189659830551513,0.5008940303723813,0.28707440915133214,0.1919427035326627,0.35679216676174313,0.38819524214456486,0.22516577039267144,0.2998559438333017,0.45223134690560723,0.490398457062927,0.43592678583857053
21,0.08793829196806278,0.31121008136810246,0.36626162320053,0.23188567549525058,0.26229979276343596,0.3313711858511839,0.34290253360517325,0.19036951407467242,0.614215348563741,0.2048557634278809,0.29467080886420854,0.18541332102978572,0.374282218281195,0.49207175315588975,0.16008741115988667,0.08984860010254161,0.5097303611225484,0.39799518980764675,0.5240817130335366,0.16455501755744842,0.2681995271419597
21,0.5066352999836414,0.47571826182305643,0.11214517846129995,0.23796389506965188,0.1849603113047374,0.3311000127079699,0.41845908653192354,0.48629862664169504,0.46381428771437966,0.42386605610220135,0.11927793820927252,0.09932882456833628,0.10250683403469282,0.14805796568739046,0.12331218794384564,0.10708268543271188,0.14332419848266748,0.34559790313978667,0.5744665699192498,0.23133277545674905,0.13091803980994543
21,0.5042694209538324,0.11558650884514256,0.16695693471891218,0.25518252113208634,0.07929405557910475,0.09662012648630627,0.27247989350143326,0.21164157480165474,0.3651942167993998,0.5581564058000718,0.49598650617118617,0.39953180748525907,0.3846106900363956,0.23289891836018065,0.44064570277137893,0.24488816195238322,0.36208952696407926,0.40288514619958216,0.1765470792560071,0.32096340373554527,0.1392317781242731
20,0.4974086853722466,0.46344568762213334,0.43622362365182993,0.1877462363234092,0.48460729983057227,0.09862990921966472,0.4376921396906259,0.4016186943247185,0.5678610990202162,0.4332291199200257,0.5607458988993926,0.2935810626277803,0.34508111538204167,0.26837013622479067,0.38292734082763236,0.3928296933258684,0.25768795370881387,0.3615206316805535,0.33657915144669326,0.27583923299549445
20,0.2689656463380569,0.48577015032761667,0.17700862855152802,0.4732329635331883,0.5816523707011082,0.4363749860801194,0.34434247005268237,0.26174716577017687,0.10570845403275606,0.2890444391695402,0.39859996556518296,0.20923378301039508,0.3050019905750822,0.358120445997056,0.528141924368844,0.06501442171190316,0.11512229044074491,0.4850640401554838,0.5815341844771451,0.37857678226101377
21,0.20410791788583782,0.4885119810320977,0.22144743130479203,0.3602128628634232,0.5691992539896468,0.07309811210748472,0.40060038934945713,0.19765460341424565,0.21036753028317226,0.5840146201120066,0.2915628803472947,0.5357076512010457,0.21170394081322003,0.2214311863626923,0.3073775729976337,0.39432325564023757,0.4553656270864283,0.5380974117229239,0.2526720558460343,0.318022338031319,0.15346192676911546
21,0.5359514269176501,0.1055161966021296,0.26515564130757807,0.1509740880511305,0.4817527228095919,0.45737042039367054,0.22158778554225567,0.4533591773178595,0.2312940643445071,0.5204538303866314,0.34884344968950404,0.11610532807276151,0.08780481572182663,0.2323921042151371,0.3854064882797509,0.15411627493283608,0.32672684191737345,0.1623965769330404,0.3010221951696196,0.25015268791195105,0.07765205464740021
21,0.1534539384932337,0.10782965579647309,0.11513292293761937,0.31790361630653946,0.5280020798001169,0.450079220248005,0.1796319075403512,0.3548168708459094,0.2730241499263658,0.2929642613821034,0.4722505983540977,0.2690451233443763,0.1893963721143459,0.15152061373506537,0.3027855773720828,0.39381985440206535,0.12833710438875104,0.2104708854843144,0.2817761635464867,0.3882413471207924,0.48701944448191714
21,0.33692981569944686,0.22612495825911225,0.09456772251258545,0.1560020869256556,0.47387846542850454,0.14760046455385495,0.12398755581401176,0.4679678898235666,0.166003656995248,0.5905100021631707,0.36668849818878824,0.18234457926375208,0.3846634628676179,0.06539204313284855,0.5311416602828386,0.12897527667864864,0.267830267804716,0.16008869752484559,0.4586187724713153,0.14441715957017676,0.5353383131286342
21,0.08717701009671815,0.47561112085313284,0.5345078949022712,0.49238341105801126,0.14341758614548697,0.07204356312694483,0.2246443519346616,0.0526772289619195,0.5267376635163233,0.33650623368049454,0.44577423896516094,0.17130521853606048,0.38812312667063664,0.47088598579345425,0.5003794854274606,0.05701061059101269,0.3916697313412019,0.15636688514149172,0.23364680481841724,0.49161734437876536,0.421695030942156
21,0.4133674128860978,0.13844744422961988,0.3532249387399231,0.06889407301459219,0.273984139594951,0.2609074211155839,0.14106232800507842,0.06401160036220602,0.0967346735156771,0.42920890512997406,0.21235637176264371,0.1653555542476662,0.2450307454600661,0.47812217217245334,0.4118564167329287,0.5555403721373299,0.3849071563738676,0.17011032638780804,0.16131135636067725,0.39454311436406175,0.2919710897899665
21,0.4420554788169722,0.4239769998099876,0.4250250157295563,0.07428238234133248,0.053635278990071554,0.3891792421887115,0.2570825496042922,0.06999613522608238,0.26430554135382517,0.5095878588879822,0.21452633741048863,0.44032266770562073,0.17136176255233643,0.4117713892361949,0.2745694127641594,0.1580751876043445,0.24162602317715728,0.41622588216101086,0.13712067605825368,0.4188788629645473,0.41270315791143714
21,0.10819583720710292,0.3771147179573937,0.09931247453232452,0.5345739487521108,0.24321142016368358,0.12479769898372953,0.3401280807532874,0.5517690421606657,0.5325077780911834,0.2820139740929064,0.4079808960025671,0.24364004724061977,0.482837717604762,0.405393402556097,0.11333927614141484,0.26494460723806673,0.39028389845239286,0.08524917834560249,0.40244853250830676,0.23719162865693905,0.3089645543320077
20,0.16444410330629836,0.16093465842046262,0.39711985626852486,0.4411469106983499,0.4415792649490296,0.27629906057787357,0.22018792199555198,0.30302455615290147,0.45220765131265184,0.3741104375450461,0.4770469797063914,0.5490850261523352,0.07117384969282109,0.31908907695477295,0.3539179557610172,0.3860128464225113,0.40019528547634264,0.3119255884444952,0.46200657160658537,0.17835322025563383
21,0.5584822043569481,0.42916451351523294,0.22420713268536188,0.08591952308621019,0.393950044375878,0.5758041304367161,0.3079472862042275,0.17853926656202385,0.1352210975100657,0.36000073676753497,0.42220307757477954,0.08757983108031164,0.4965253435368509,0.12490571562065989,0.17446831938679766,0.48277829098021924,0.05388341845973527,0.328009757008401,0.34064315310281484,0.49397413946890734,0.4912236876500373
21,0.37356261365725557,0.2742215529018505,0.5962344725549806,0.1263317296367785,0.4427513179714194,0.4386481010815161,0.3461847497588523,0.41363238606632846,0.17198646091764724,0.2160491117148051,0.3799874459775216,0.45880275003588733,0.22711766412634468,0.4965964728721878,0.2724336131166179,0.3103298443035798,0.10262006710015316,0.09784319811182518,0.2906408182050804,0.2643655337480207,0.09299149343403924
21,0.28187934267212694,0.4356931882920358,0.22122474945899565,0.5733915934978164,0.1808262709148807,0.191900291750253,0.3740659870526438,0.5577676777847146,0.13470810119098803,0.2414217520338945,0.12583204993777208,0.5274359749326462,0.17270813277907668,0.2358796918382067,0.5300175186910837,0.2825633150173455,0.3214241415338316,0.45732862306528604,0.41618816348198223,0.11977229356603973,0.43924140304571446
21,0.5434238294805893,0.18764535274785837,0.3585378914142012,0.5494739387340078,0.0761881425549455,0.4460212645404861,0.3838199292014513,0.567751548426986,0.568932634979234,0.4146654662957056,0.46555444208535224,0.1951544293713732,0.5294637210189373,0.4356668958495066,0.35488475245509504,0.2001079375049799,0.20768623941061057,0.47512628775677895,0.49577518268806986,0.3741162495173887,0.11248618323109658
21,0.2534273521397533,0.4280486360251374,0.2026098175539289,0.18337934591324884,0.5393121707437053,0.21634332789791547,0.4779501724151649,0.5890080593988151,0.34566908274232,0.2408777565787999,0.2830465168878838,0.2276884530812438,0.4263042419916468,0.14902573439106415,0.48215035769105236,0.4030764757400657,0.43960180234063356,0.3763991783276094,0.21913867681479607,0.15050263081082624,0.3931969879343947
21,0.13000984584127076,0.47247443876525874,0.12060199621844088,0.20637759240377385,0.33735427673269197,0.36390286109285197,0.1991778544234802,0.3860282956736291,0.46454753260474735,0.20747597482059651,0.4026343530858932,0.1856813683551366,0.25152104431884875,0.24566804471497677,0.40888536906091,0.2490819885846131,0.2223355797433777,0.36203473645646667,0.45422514724949514,0.3703167183139868,0.48115553202940453
22,0.20567279229127508,0.375789462637227,0.4046352147550238,0.3855598633083007,0.20303606703486504,0.07288908129412926,0.4337141688486447,0.48010437097660935,0.27262148954331566,0.17464310468770766,0.176811940600816,0.19506135712989164,0.1512269509947274,0.500968703069819,0.3655923258292484,0.5461293685204709,0.169111710085828,0.1503878873687466,0.353613162968962,0.3677320753319418,0.3975423729983247,0.2865798425588043
21,0.4935000810617738,0.20562423253226977,0.10629868297954664,0.07199951873957507,0.41514278330571397,0.14085048214311405,0.3150570637263919,0.37684192183529064,0.28485533659893403,0.20486544691753844,0.48623843610247575,0.1494407749945072,0.3244217797227101,0.1358659478335081,0.1145567942478333,0.5317283523550098,0.14384845357021067,0.17260463400008824,0.23503653877085928,0.2045868138593946,0.6196850804741323
23,0.4733724431230772,0.19951636478602255,0.5159493573993073,0.34932177848884616,0.3920369791673751,0.2836168416940475,0.062204815367372254,0.3463821454426828,0.17371531608531948,0.5273124172209832,0.3393082251392454,0.25408086171992683,0.4730160946712659,0.3457477134850244,0.37736142694226754,0.3855370393760656,0.1278869011447065,0.2785918608726511,0.4036357849994941,0.2650960785354993,0.38837589295363195,0.5190459391868778,0.4656364431987518
21,0.3728206819639934,0.3558109605022698,0.36351541591579817,0.25632317403597327,0.1784743701105784,0.4288479232178804,0.3420639761878382,0.3839523869388838,0.3002128749066108,0.3084140543090761,0.2334871839463169,0.5360284869153153,0.2592097928778789,0.1587233138358156,0.3626209491843125,0.24169976782222757,0.3415736881277499,0.5024795706785726,0.3725707810038605,0.4904777730910046,0.4283769411409612
20,0.3456473174609953,0.20372273103225663,0.19843368571252432,0.3120394105108627,0.18139432184494061,0.20503606463176596,0.11358401325021723,0.09524214753277134,0.4460482443917081,0.39370358687909507,0.3846485602455549,0.4143285613102816,0.1660594178031749,0.4025946367461272,0.31200392004518124,0.4694913476271972,0.4829132031261247,0.5708135409199879,0.07730706577595692,0.48692410238507083
20,0.1744908979978623,0.5178825409534632,0.2741509646364532,0.13638882356418341,0.33498303472462226,0.12600992014090168,0.09053821712109068,0.23588822391962402,0.3062467883549087,0.19999863285186642,0.38653434938785936,0.1499860561638771,0.2477974927493738,0.2744472595212384,0.15541285048919087,0.3759036194180071,0.26716584889596223,0.5018656672498819,0.37620544797787864,0.24473623444450807
18,0.5520396023670414,0.4241385566744029,0.3208686381753246,0.6576916059696873,0.3286284623335543,0.24641032760939507,0.18368745810811188,0.3957242354399158,0.09504030063533331,0.22712056521339302,0.18760719463475586,0.35628676627029393,0.5465425133806825,0.5337781973411927,0.40118466127528396,0.3637465518999571,0.18039625322784691,0.3583379043224434
17,0.2695681401620296,0.581411250302775,0.41087814471116973,0.326399932563375,0.030851565540484203,0.19913866694687865,0.20923637454959726,0.29590927032054515,0.3728114438295191,0.4561973887010802,0.5136360197828984,0.22714059192100086,0.33874672497340325,0.39384461743849064,0.40078961007176,0.20100472533149652,0.6005744645060253
15,0.48450273282261863,0.4964775339691707,0.39941366931677186,0.21204651962068147,0.31498371965573413,0.5216331701997021,0.11216140593344667,0.3110637535411967,0.27428787068227695,0.6412627917151646,0.27608783541980386,0.42396687877179484,0.367778661779908,0.46687230945224845,0.3272521944173747
13,0.3484644775610873,0.18165621486222666,0.07422148183025455,0.1638555309059599,0.08770666664722565,0.12374041088069389,0.20121179806802497,0.4827597796079406,0.2552214263795339,0.2682108740934726,0.21041449634509482,0.37454521189474566,0.4786373472311182
13,0.5754400239446009,0.16592997042595145,0.35603499934452915,0.3399359274828533,0.2852886202309843,0.5491842091309911,0.22783939067640716,0.16403068350058808,0.22284291153624622,0.26721790788575567,0.42128689718924606,0.23524562827750709,0.5224020718662493
11,0.14691385264803702,0.320052608624864,0.42096280197400443,0.09125220289553815,0.2254921913354291,0.4317785620017733,0.4907986821163909,0.33990320212274233,0.4021586409343832,0.656222477702532,0.536772050914499
10,0.3129894269970517,0.5485724557262021,0.27308898551295435,0.5727617680033771,0.3824581366066048,0.2813405884659535,0.24117098470627799,0.4028147554805948,0.6508653714720365,0.19175082752039255
10,0.15636006675023012,0.5267128555765347,0.5513861081172058,0.3809862317255903,0.23158209794234738,0.06412361885579738,0.0952561837605853,0.11096777148296032,0.5810922930528373,0.2521996225204876
9,0.2063588275016609,0.410925245604478,0.23220584650117412,0.07651982721691793,0.18259347543993415,0.24436664946553335,0.16102492973654473,0.6869620168578878,0.11597034140358005
8,0.29865206244072817,0.2234169723575694,0.4286342998600164,0.49098818268497824,0.4428664562419986,0.05552555022606082,0.4566516627404414,0.2868381548469526
7,0.31431792195843533,0.3833786413219222,0.1800756961178835,0.17018922846675147,0.2506401921617666,0.20730742305256197,0.4533385025766425
7,0.20161316301125526,0.4692880185159845,0.46201474678245785,0.3591228787515145,0.27697093061355876,0.18438518475808074,0.5178765173909015
7,0.4101902139270859,0.47859744692611084,0.5438356288897453,0.5500527985692445,0.09112363685903065,0.37878894807445573,0.5254490471101657
7,0.09315376082830884,0.2647686741976495,0.46888347321355245,0.5310496557292798,0.13674451386736663,0.3961152869222931,0.3661231817451988
7,0.45798950694796486,0.4597073911978925,0.49556821380724675,0.09674958820742523,0.13173889906180483,0.4377529234224486,0.3597934005203143
7,0.11707423800469523,0.41611699568397215,0.2797855006409762,0.348033716985893,0.4098825449180709,0.241225676873954,0.21169029008235857
7,0.33220271013051356,0.4300689047652542,0.40812571800458136,0.21174041571783175,0.5456174170580235,0.4630908090002993,0.4290971483017954
7,0.131503719281561,0.12558843912924786,0.48038959016978594,0.17013977354541002,0.1444394902798402,0.10781698857637347,0.12036773087028597
7,0.2632815358794296,0.4402003928631854,0.3097471612608892,0.1825787808050851,0.5214606063203324,0.3419365341088606,0.48058064282879265
7,0.08534704513221121,0.1732990315918879,0.1261357817030502,0.4300445408740112,0.4108413166293616,0.5365385382000402,0.11901689726905716
7,0.25885154651458364,0.4381900510583391,0.21162154385214768,0.3652012339491576,0.12256742473731326,0.17986862074267368,0.4462663873084879
7,0.11407496819535011,0.06207497940461649,0.10380754273669436,0.14026339001089114,0.3788446236258567,0.5113368569829579,0.275057024265294
7,0.2186482587942253,0.21179311929507993,0.09554891467078575,0.5050703683629983,0.34194336601107883,0.12625201396592614,0.4500591357882332
7,0.5300558151492217,0.2506137712889433,0.2542815694636178,0.4129555875294867,0.26089393145691725,0.1076313291453291,0.32740627591793653
7,0.4803203865296373,0.08967440347713572,0.555982835631381,0.3788169140038795,0.17585505280946045,0.10979020028802876,0.237029702125659
7,0.4864168041381416,0.20831996427914753,0.40692982216107426,0.47721207912340036,0.4228299452369729,0.21095672558824163,0.17433645067559067
7,0.10186498498371596,0.23870196905658767,0.43299064580974356,0.15509566416199536,0.0858688224089158,0.4447572570467901,0.2595425766254098
5,0.2193088003009564,0.1065898747790483,0.32672727616011116,0.42438448234295045,0.183020290695571
5,0.5270052895657622,0.13999330863393805,0.05922032321213929,0.10120031888879451,0.12566817490009607
5,0.3894251835404406,0.20465729425862086,0.16685096659198984,0.30856606647421186,0.5334003397929031
4,0.48995259134911096,0.3633520980557254,0.5291414169393259,0.23144430985179593
4,0.11213405769010377,0.2505074409554508,0.2773363853884476,0.10401855607910286
2,0.26248224070538473,0.11001288766567323
2,0.16860924318830084,0.3044651014271171
2,0.49907533817712074,0.34334734579309695
2,0.4561053691897955,0.3469091124541799
1,0.2857256891512041
0,
0,
0,
0,
0,
0,
0,
0,
0,
0,
0,
0,
0,
0,
0,
0,
0,
0,
0,
0,
0,
0,
0,
0,
0,
0,
0,
0,
0,
0,
0,
0,
0,
0,
0,
0,
0,
0,
0,
0,
0,
0,
0,
0,
0,
0,
0,
0,
0,
0,
0,
0,
0,
0,
0,
0,
0,
0,
0,
0,
0,
0,
0,
0,
0,
0,
0,
0,
0,
0,
0,
0,
0,
0,
0,
0,
0,
0,
0,
0,
0,
0,
