4,1.4500058910493412,1.4486347110584121,1.729865875661708,0.6695461508864958
3,1.1524873342528041,1.3472277574634401,1.138185657648049
3,1.2451225425158514,1.3557173043649104,0.9120655886918599
4,1.3160947232627902,1.5539697784626894,0.9974863910245916,1.1872900849272858
4,1.3765211607835197,1.4215814852140116,1.4524180139006322,1.2644602948103225
4,1.4948619775603027,1.4605011442488656,1.18361644177686,1.3206802137585523
4,1.2025508174986876,1.271362120553446,1.061090591629048,1.308706811138228
3,1.5403328278718886,1.2277873695133248,1.3934943526503045
2,1.3039931299408154,1.2798356204761774
3,1.105066899430452,1.5923360847949075,1.064149813411547
4,1.6108008925259034,1.4110677920041552,1.2311805172898984,1.5173221943349982
3,1.1860611511040908,1.307756937045712,1.1704108253698706
3,1.1864467388027538,1.0863208721374409,1.3844570789315005
4,1.3474389867314907,1.0662325790783977,1.4263295659359903,1.1068831962029457
5,1.46425230946081,1.1653892456610637,1.2784414704843963,1.2569285854543026,1.4755548627532113
5,1.475446888620194,1.1488425424215554,1.3778174205367795,1.23115295494854,1.463173680777139
5,1.2822497423807673,1.1620332598058496,1.0745511397488479,1.2652247878689638,1.1150418907473283
5,1.4414081087741624,1.3641155194376584,1.0837447653462513,1.475294937487481,1.3131447121983497
4,1.3597698001927974,1.2294031155259095,1.3575260612691038,1.488698184069315
3,1.219887508733925,1.3317471682671256,1.1385680932001359
4,1.063682553480843,1.0685947206959423,1.2244285217799722,1.3949226643390211
3,1.3916288045951628,1.5493082745423683,1.5458895171893758
3,1.256646815877331,1.33410345315905,1.1154116253109898
3,1.2779068338064299,1.1200394438034997,1.1987224563504275
3,1.3882604550993232,1.1937236218165435,1.4520686395993065
2,1.307036233891181,1.17156290731168
2,1.4120010838655688,1.1812331176109983
2,1.5443081880119358,1.11350095052875
2,1.194842861791993,1.3014543916325862
0,
1,1.4717722941139804
1,1.5338601687785132
1,1.4614283178764431
1,1.512547528076028
1,1.5173132989491611
1,1.2590774146775707
1,1.3127881504512164
1,1.1470405489908688
2,1.0755781513043015,1.2994783669018433
2,1.3123395522620995,1.3714672443717046
2,1.165833301402178,1.2321986666012703
2,1.493753374150198,1.4309971354609774
3,1.128675169696079,1.1375222694521823,1.5415476311158727
3,1.4170653311094268,1.5314234030948064,1.2046951786803102
3,1.39401269380841,1.0903670231402602,1.430732234321331
2,1.2395755881848765,1.2336471171365273
2,1.188736645075716,1.128215073820514
2,1.3627602506878793,1.148135041179109
2,1.2218037048820996,1.0750689902412043
3,1.547158140098412,1.262795785398735,1.5172808843964214
3,1.0610858543722972,1.162160871307306,1.5129633841905654
3,1.4352999626938816,1.1052926743015241,1.5487815507711444
3,1.2677606861275743,1.1441823647635614,1.1770904029715152
3,1.2825045918835014,1.418973903452258,1.3358241195501483
2,1.259852945132847,1.0999371479403215
2,1.3364704363166287,1.302331849272955
2,1.3083012001350254,1.3543899629970457
4,1.469877608790784,1.43582595505725,1.1226677972811916,1.4105505379531045
2,1.6492523680303128,1.283962543713889
3,1.2651215327716834,1.165581757807129,1.1853734559589555
3,1.5339005871418798,1.4636770044482066,1.079792065425199
3,1.4216181515316944,1.0862031783756079,1.4519439662442615
3,1.503405199549631,1.503321680002477,1.2133585510794056
3,1.6042276208447956,1.273569746203079,1.5073263291234391
3,1.5467259198779093,1.4984187359273244,1.0841125535576424
4,1.2566279066082762,1.2202151684984686,1.338032747742241,1.2959501770930306
4,1.4649093445028225,1.1802530630981551,1.1975354834205882,1.3211449093455128
5,1.3626841214613965,1.2971689969435112,1.4619143230948275,1.5097919995164897,1.220543178331105
5,1.3113962085533621,1.1636570224885343,1.3830127775592824,1.2879116812936455,1.5495851789272965
5,1.4753089626885567,1.1131673938259492,1.234953024349787,1.495156769790608,1.1978708284246162
5,1.430381444116911,1.2836051405163946,1.33700790742226,1.4465622942868308,1.180414162277175
5,1.2989387236424401,1.266914651725603,1.5156787417104554,1.3086321529207443,1.4749106751553576
4,1.3401971559664196,1.3925112679098937,1.5049289574207145,1.0899938410342993
3,1.1681781384952639,1.1964423755750009,1.3014423702946802
3,1.3469461055754974,1.137394451618042,1.3035970119716345
2,1.0865385068633786,1.1781183667882134
3,1.318364004128654,1.3489111615898974,1.41802716383616
3,1.3036539746395623,1.1022224895239845,1.3299883413149287
3,1.4266153090602576,1.1451941262830136,1.3984888486486389
4,1.2613648660307366,1.0872933797993791,1.270426099322506,1.1706053021207266
5,1.26530364039795,1.2730613089647664,1.5028946532054148,1.329894292712256,1.1678892155137224
4,1.3690597497601293,1.2697404727043256,1.0975032323350569,1.1343292671445342
4,1.1167661402636726,1.5163898109855976,1.4490628933447014,1.4192001782555808
3,1.1044466333688208,1.4763543460515152,1.496282885594932
3,1.3449956452862375,1.450761727001552,1.5303568347000138
3,1.1655833794254193,1.251240493881594,1.3088445543752154
3,1.2299637291102792,1.1623740250778043,1.340073465230581
4,1.2418448380368936,1.2831894547101619,1.4664354034093872,1.0638224121567028
4,1.298873333138755,1.5441207484752775,1.4001605711011003,1.2785595138170671
4,1.0529167512889057,1.324045945865323,1.1982399184638886,1.3194788219972717
4,1.2554287908012847,1.2215875577506572,1.522341680676377,1.4324645373236276
4,1.4535620833597245,1.454687584313039,1.4692644752757922,1.3797461110015745
3,1.3894703665418595,1.3159244610116596,1.099673257078298
3,1.3070129140140356,1.376649137702451,1.2328409696467577
3,1.4673755277952094,1.0900804092776746,1.4329054319799017
3,1.3881470567044174,1.4081345053713676,1.3223161719920717
2,1.3821242287937399,1.2144214289409636
2,1.1536375469973985,1.2831781672901386
2,1.1539363365242437,1.1073117281904747
2,1.5286406518443698,1.4576394338286374
2,1.4400757016767758,1.4541774221422845
2,1.3786129784219843,1.5433832136336525
2,1.3660264857059252,1.408008993697848
1,1.5218092690224905
2,1.2565023617286557,1.4972857627942584
3,1.279995871630185,1.1845801701717453,1.448343172867558
3,1.3935031456023503,1.1686789167223368,1.4794183492873731
3,1.2318166815715834,1.234731772812249,1.1967133637352272
3,1.5457112993275677,1.3380517676734216,1.4293321600515114
3,1.2817987799678578,1.120171947260633,1.3792153269022973
2,1.2331508369517332,1.2493165496971874
2,1.1628339912496723,1.5450529101259556
2,1.4450997829164938,1.357769337417448
2,1.2587455497533717,1.4188032523955374
2,1.1860180183477906,1.3830820648787245
2,1.2897435379209627,1.2133323857567135
3,1.5135064208994584,1.460266702183181,1.5145680774784442
3,1.4119828899388367,1.0596144966371372,1.5524285328359533
2,1.1643451969063807,1.0997296475404683
3,1.3869417227862502,1.214387464763925,1.1855742844435255
3,1.3387609364483548,1.20500178119617,1.4780062411874877
3,1.4394285223227998,1.0610067904563085,1.3663231829967795
3,1.1481376191515993,1.547456342692416,1.37960468675528
3,1.4899238366035952,1.3207446508046534,1.4692200781502052
3,1.303662587559329,1.3250157407037555,1.0716978150057597
4,1.307851123652028,1.2703170151136447,1.1339747820982247,1.2167061680757434
4,1.1711200570528504,1.1101116185824098,1.238424150950534,1.2726585586697112
4,1.399279637690533,1.4412651198904352,1.147462787994453,1.4610783677652062
5,1.186506493970738,1.1127079610381165,1.3003876813240212,1.1292379918989246,1.3707242056453965
5,1.3988682498469784,1.174888127758702,1.1410907665400338,1.4658703289134534,1.1098880955577968
5,1.2933022789600026,1.4488838512864382,1.4495716807969379,1.3192613301168088,1.2763230254019795
4,1.056673462858851,1.3963416354621372,1.0658065756959336,1.5426350527474906
4,1.3775565407665546,1.1847692656851885,1.351348396812716,1.1083310894600782
4,1.1777429921169473,1.4910579297161328,1.5472389432143436,1.1957131176463234
4,1.378035098619334,1.4042548472897063,1.4326981935144973,1.4541798968112776
3,1.2324499138358922,1.5490203822457427,1.4632564070733884
3,1.4999256935774221,1.2144424128972666,1.3598013160017328
3,1.3992490024457727,1.126798568601773,1.0757597027672245
4,1.4230825577415267,1.2020481554620461,1.2917644805756792,1.2434490631749138
4,1.3502493731485836,1.1437178875660596,1.139562969718259,1.4932633841382257
3,1.1321956181792552,1.0631581034192894,1.2859824343492727
3,1.290825407114272,1.272150431803716,1.0779108984463097
3,1.2667865049081846,1.4279051815634458,1.5161548492889463
4,1.2259068664685338,1.3535230312451751,1.56327355379934,1.5303823365830034
3,1.2797803966813133,1.4456135646987667,1.3419284287100444
3,1.08177666312102,1.25760389445613,1.2637918008763755
3,1.5206500985132962,1.3723300695390925,1.36898184471557
4,1.1519411177124372,1.34667575350587,1.2425530829345184,1.2916910952712355
4,1.218590436997756,1.09685091468451,1.0871677884530384,1.1737853699314027
5,1.3818039818340548,1.3694322608577574,1.2429296194631956,1.5187925076429785,1.3770626053486807
4,1.0831146833875402,1.385138377007294,1.264641247232262,1.5198644343278764
4,1.0844376543127177,1.29524730926196,1.4962439910698813,1.412842745577659
4,1.1935754518143509,1.3044383184288104,1.523039184429958,1.3410480835908372
3,1.497828602708246,1.2229502752182058,1.384583042670146
3,1.1566561247328941,1.4423062291527484,1.342990867828159
3,1.1494219094099263,1.2347737872719788,1.4680958600821583
4,1.2317755535444812,1.2253859817048964,1.299362313749638,1.3805344189935143
5,1.5473107504836106,1.5257946616700344,1.3909719443875666,1.345069350782033,1.2910646272416781
4,1.3553304947075522,1.442861290712614,1.5187183243956393,1.3681433727134873
4,1.1358084395307617,1.3715039544685996,1.226871760961493,1.1370032657796476
4,1.3719516329103858,1.2452784637026142,1.3516982695322508,1.4360277007159754
3,1.1589538454874855,1.1784816144446248,1.3448487715614916
3,1.6104313267448354,1.2575613476230385,1.2118258068095222
3,1.0914545168390188,1.4084799011008629,1.4133592939437492
3,1.4004244013454052,1.1453372032230762,1.0739019698226209
3,1.186331077250938,1.1622137112732551,1.072785129654956
4,1.3139189003135987,1.1430765227126514,1.1380674681823917,1.2428625549723247
4,1.5046644060755285,1.1100049450375513,1.4651310606880896,1.4748049954151912
4,1.4463006637465272,1.070413784992653,1.3536989044487326,1.244829029879982
4,1.5498490859627603,1.2977615251328558,1.3825441758630483,1.4326773761446518
5,1.3979931976161935,1.1534965142100002,1.2878136208291107,1.2510811957454788,1.372340590770533
4,1.5247337838467607,1.135876192553429,1.1003591361586862,1.3073971344430053
4,1.261281868745344,1.2780040811746367,1.351024646178039,1.1891964790523404
3,1.3955872091023191,1.2991999373676382,1.4989754503203947
2,1.2250501617639178,1.3002829706155137
3,1.1187291138093265,1.2825492565928422,1.4317275358414003
3,1.468093937558648,1.4956357174421966,1.2496798754090184
4,1.361738686034686,1.2748203190601115,1.2630579849544596,1.4247113785670154
3,1.244076394574913,1.2772821307206454,1.0990139399944832
3,1.0910597266527504,1.2008756384421966,1.4436313928065796
3,1.3495635332157,1.4961410039695107,1.2059650740571104
3,1.4448878341065792,1.1417333458962073,1.0950965785040805
4,1.3538015428334156,1.1964579737844139,1.1580490618205774,1.348848538569264
3,1.078082585421246,1.054319265084526,1.5080766362319065
3,1.1175612260805858,1.1980891030896876,1.3870454627657702
3,1.4204560634149914,1.3592020810903058,1.518955353236174
3,1.2224690724159661,1.32294043657789,1.5215598061300133
3,1.188827846254062,1.2768477249574528,1.5619961685039456
4,1.5370597645937327,1.4754010773919497,1.483929534901671,1.4833047297741417
4,1.3590699247885034,1.309792268488815,1.4728349983141302,1.230372961518263
3,1.2018020179887186,1.4953669729989263,1.323373931967335
3,1.3036074525590224,1.2967257214305479,1.06414848459489
3,1.4882889415994955,1.181469715567854,1.3093882082497093
2,1.3639105017519886,1.5003598945478942
2,1.341431192430745,1.1758744504313685
2,1.3026203353735943,1.1490407893537262
2,1.0553449062671594,1.5201474177199725
1,1.3705938331284704
3,1.4964390269502705,1.4639009751119818,1.3289985592687534
3,1.5307590288958124,1.2337518877190508,1.500914387656742
6,0.973927376172876,0.7657588756470498,0.526335148848293,1.5831979433052619,1.5256654256693039,0.9725764395056573
6,1.4356053602671834,1.342098310154387,1.017917187640064,1.7053694803599508,1.5311343706999947,1.1227024007024455
5,1.300658240022873,1.2431044750861362,1.6404924756479862,1.1657655397374744,1.3059311814851349
5,1.1230907677240671,1.1878522209257083,1.241839787591026,1.4247094975450278,1.2382525884304978
4,1.2893389721748374,1.152085420927314,1.2095436444957588,0.9553609937759658
4,1.245683920679075,1.411692421130592,1.455908334695393,1.1359045203747393
3,1.0778870664306188,1.5267568383468875,1.2493981790171256
4,1.0825227712143914,1.1987619793433157,1.2073117405285674,1.3527855434865026
4,1.513295550335714,1.4519879794968815,1.4482645609710836,1.2985877889511728
4,1.3967957528824484,1.4932813559019613,1.2566370604816313,1.4124361569174941
4,1.1085239793961446,1.053603198588532,1.2711004908558043,1.2199678302628456
5,1.575818089989736,1.4033098981124028,1.534865763970533,1.2892127379424878,1.410862829973934
3,1.4030613623618697,1.15726423197905,1.266474827173023
3,1.1608852779660603,1.4058773055124576,1.5012031126879266
3,1.3357045847906437,1.298090732140253,1.542681520252821
4,1.2161559968136608,1.4459432243838883,1.1244875279914743,1.2724386824379053
6,1.6610686009269982,1.064059111987434,1.271133666443699,1.093523930497144,1.3596722664833498,1.1888882726088645
5,1.2786414032316251,1.339504730386501,1.528308643943343,1.6012238029309096,1.254736481589202
5,1.3335294171279508,1.468951001424459,1.4908028746370523,1.3276690851733675,1.3906675531444588
6,1.1361980844619173,1.5758963619522455,1.362831911432662,1.532266505990968,1.5143975392821079,1.3889656523058813
5,1.3703984341537778,1.2102415333552807,1.2410907654333228,1.1847425825851996,1.163225299704725
4,1.3730171816190382,1.2962151538677562,1.062289048706687,1.0270231991376308
5,1.4745896390692337,1.05546732226178,1.546117738544562,1.5119201091799386,1.4507624673647928
5,1.3881670178270797,1.0672867281477882,1.303182712040208,1.3009319730474396,1.2937851053510059
6,1.3636976752999617,1.27827226957368,1.3422709940624613,1.1278158337454192,1.064577589109878,1.5326312181213562
6,1.4854273478063604,1.2441545877823164,1.156461083286466,1.311759491558343,1.3860869540592968,1.0224848097678167
5,1.3453990394155564,1.3947847700602196,1.4206892915522102,1.3473754054396292,1.223120987224447
5,1.5209749191498954,1.472185505006081,1.3204504229609089,1.276781970945591,1.3112664799289435
5,1.4259482338736917,1.5425257289458134,1.2874332359067828,1.4858132488837212,1.5133566422138471
5,1.4389199684153604,1.405601755388157,1.4798781140722599,1.374020397235988,1.1924822307192635
4,1.4016427237315678,1.055594412053014,1.452419027522268,1.5260597932148017
4,1.5484135338298517,1.0973208658663234,1.3634077705553118,1.3900747191189722
4,1.052058581013663,1.431154303287615,1.3345006754727635,1.1390042400005458
5,1.1356695569320543,1.3437161121276835,1.397090215598441,1.2293662271601231,1.372112771007927
5,1.3493572103348308,1.2628387468265636,1.4480829334925627,1.4597422172824461,1.4110108744003085
5,1.366229474115858,1.2185119610136363,1.2365690252025612,1.4762566724623538,1.2644221647885965
5,1.1446567948973636,1.4092533992760428,1.2208751162911002,1.2923306499120322,1.2936328287835366
4,1.2268535836767158,1.49163222411738,1.0701543311030202,1.238215833980504
4,1.3575288255789937,1.1922972946222619,1.400466172926966,1.233074340874719
4,1.5340323844915096,1.4018977081741106,1.5483717787163092,1.4652639949357078
4,1.4344311025220662,1.0915218285823718,1.6264784130957481,1.2546227593897585
5,1.2601755095596356,1.5251332552877868,1.0984102252886492,1.3722961706703514,1.1044894106769534
7,1.416001646182505,1.2349556630193241,1.1695602764627715,1.0630770187506087,1.3493996342623213,1.4156364066831764,1.3748701581556637
7,1.29691524995453,1.1377526645579206,1.1696229575919423,1.1306379522521872,1.2943812214450234,1.0883046452496903,1.5359260006550213
5,1.0552133194082647,1.3568599429989774,1.2992936678837108,1.1151518118224317,1.550199249998399
5,1.3834877427537315,1.1590450947221551,1.0778938338622153,1.3735241559585556,1.3001412150162315
7,1.3684618007616576,1.3245513581617714,1.5108374143732781,1.3811063963252423,1.25615676338899,1.3373943895422473,1.3495660001419216
7,1.1849410028862093,1.3322599224787852,1.3467244717616855,1.1531485964411436,1.6177161633848647,1.411404850394183,1.422678115517824
6,1.1193653104756616,1.1916676805657027,1.201142858725372,1.266788280333633,1.1520238557043312,1.4309063969684384
6,1.5426640243671872,1.1300351840390463,1.2717845534123065,1.5822971295530854,1.2653249744559292,1.4968113356312915
7,1.2503002526360592,1.6080062257015004,1.549684234852923,1.11285213729492,1.306916153670416,1.4590817014329245,1.6523521306567444
6,1.2226167937941315,1.1884200257534325,1.5057179119363933,1.2650332106082054,1.4208560741529925,1.1330921435228831
6,1.213526838427032,1.6225960890846116,1.355497968865365,1.2316373622144077,1.3588953338129592,1.3527838663006047
5,1.3723117915365315,1.5438911159052855,1.336088573666283,1.2289452157303875,1.0694444286315896
5,1.5154460926058841,1.6306680400418156,1.4055872487001928,1.461819754760973,1.5548986575254005
6,1.481821410207269,1.4125686180905115,1.2701788556443663,1.5060917392343396,1.5895967680658674,1.3362746539793333
7,1.5084564047977327,1.3290503381694925,1.2681679652090057,1.0464483457369491,1.0520131902792813,1.2492429378832308,1.1384633652416911
6,1.2847745397812163,1.421919720708479,1.3136520113664067,1.2449822265740786,1.3616147363615003,1.4347893278749806
7,1.4586206527020413,1.1246645411061622,1.3623810380308972,1.6446587382611904,1.207322922854106,1.2946853092485724,1.5226282485313103
6,1.3101394767117978,1.1088162492482025,1.3496687184521727,1.159360464371313,1.4373231623129854,1.466242512272489
7,1.255782941927191,1.4777473797644627,1.260189286924472,1.4211435917488837,1.3398938520534711,1.2196021971683615,1.3782055021060957
6,1.3649851076544735,1.4983114174411793,1.3977291615667684,1.3621071550360593,1.471799675521821,1.2563108664884455
7,1.1983381265981077,1.537027627678875,1.411892486734203,1.3301609723583894,1.2604299444764513,1.433424576811592,1.1598186584828618
6,1.3530604002257842,1.3703242172807464,1.4476613915539973,1.0714395210339467,1.570379280193389,1.3853840176418089
7,1.3267299771034378,1.2112559894233301,1.1822517068001446,1.363041301640171,1.31931712249462,1.0919001768166614,1.4876219962192387
6,1.2125782586318472,1.5044558221705027,1.0749312106931141,1.3530241604967095,1.1632657068710437,1.29709387651379
6,1.4382044715750266,1.3627208798758863,1.4731016970036819,1.2174580610531323,1.516227279095015,1.5426668972187767
8,1.658635149637485,1.1754660223716276,1.1187730890070096,1.2832868643105737,1.5160413282956968,1.075549903121423,1.3895771476823797,1.3652183620072833
8,1.609856638176879,1.2499750922254205,1.4972305704461355,1.137889113094976,1.475480661398635,1.1782169520991819,1.2874358801040535,1.3224257334663945
6,1.345894813539622,1.1359712226001164,1.1680879931021546,1.0611173086529735,1.2987235924946299,1.5615441896676732
7,1.5958611115578119,1.4947289712482963,1.1645633921814518,1.0784244521624031,1.332056620979207,1.302568422414977,1.5770858952257423
8,1.4260554722270422,1.429474338127692,1.152342970799288,1.7024100873257983,1.4324475289010707,1.5613892831377354,1.5837333056524192,1.5032968020309536
8,1.2681558122153653,1.5486867903594501,1.0949770947896853,1.4769761466901177,1.4003336268226505,1.4537148130640187,1.5266888832652032,1.039577104999758
8,1.46698921243846,1.0891717020603084,1.2113562692026485,1.01028176158595,1.2524945082438093,1.5441286786254498,1.3199938103901785,1.109729659891543
8,1.2707641694807548,1.330743444712405,1.4478605786139622,1.0610052534125118,1.3000145232388451,1.3308123742074864,1.1836653175986191,1.2493867690701703
6,1.453790717720848,1.440649122058618,1.3452085523832542,1.6184909064253148,1.4942363415091597,1.2502838072885882
5,1.4025567223594162,1.1404228347793153,1.5333655204671166,1.3015616624565047,1.322003277308198
5,1.35631731891602,1.1539811715968533,1.5985199542734185,1.5751650141899525,1.2393659384972677
6,1.1099292357919892,1.3240451121605163,1.4978760184724231,1.3598618981104027,1.5411284735130582,1.2571756499370133
5,1.4118692223136144,1.3772543163461235,1.240215356949857,1.4975209026536593,1.4950273211788572
6,1.3631824326687856,1.3306197904363508,1.0886562755785762,1.093822696402357,1.4290474884822637,1.4776810240522915
7,1.5538503199685705,1.482091528885047,1.2744197961715085,1.1132268832931396,1.2377229872496138,1.1337226354983743,1.3723326450842115
6,1.359355519879772,1.2007452809719916,1.2287228628264135,1.1511832582863362,1.4976752015870216,1.5223959182440163
6,1.257404021538799,1.6611953887005524,1.1120226001817728,1.3345306066571974,1.2208145681451523,1.2144762340324287
4,1.21961299209863,1.4394523360482496,1.2023104556482829,1.5135088566059305
4,1.2005015561008878,1.1982851383840145,1.240007758889554,1.1599369236083674
4,1.6289718711337868,1.6757932528819057,1.4667844401883703,1.310583492988289
4,1.2547986437586918,1.2092953495686132,1.2623123244561896,1.2361382015989681
5,1.1470595625871278,1.3293666499110524,1.4462313679218728,1.4077614932374016,1.398377958058246
5,1.4909147782119179,1.2812470967497782,1.343962746368688,1.5109503324088065,1.5157538667864079
6,1.0816808537680083,1.3526745299564245,1.4829203637554051,1.0969909952500152,1.195781087183353,1.2689067067008146
6,1.2360875773801259,1.4441390544238941,1.4907779807194523,1.439266540576973,1.1075273814143858,1.4042920619891779
6,1.2015108184679533,1.3405244561479868,1.538747332347905,1.3771671479819916,1.204573862486072,1.124051939388543
7,1.2270603926775268,1.2245698735385357,1.1560978164391902,1.551856461010029,1.5097293326615762,1.5715779872202313,1.3629223724381905
6,1.2563569046500473,1.4047718097414497,1.1473696273091207,1.2551129194532218,1.0651843375605954,1.224954077658382
6,1.6216598449034128,1.2056289882191016,1.4827764903089637,1.1932704342952472,1.463516046448975,1.4189742178011817
5,1.224843060964741,1.2926538966768886,1.2781787914799783,1.2954622867601877,1.3860606978357215
5,1.2541344261522358,1.1090990963595537,1.4609516444725226,1.14621430581394,1.233129052518079
5,1.3255258184137133,1.1458336497583546,1.510348104249613,1.4262185190743493,1.2823763945925812
5,1.2543562709735234,1.2535086462710796,1.2763049616600168,1.3511025615821017,1.366440614259931
5,1.643226884966646,1.3718455345855038,1.072169652030581,1.5169231380896775,1.1327642941818508
6,1.5553567741488923,1.42848056872489,1.1656363849511018,1.5895604445785987,1.5457039715652414,1.3889903531882826
6,1.4768756968760168,1.236277531696774,1.24552829833028,1.1455879465924965,1.7235106768408084,1.460735903614417
6,1.683992254658569,1.2484725782373658,1.2689081974217815,1.288068535371328,1.449597059116095,1.08476225949642
5,1.2359199851495135,1.3879381273464548,1.1498729379740502,1.27436394951219,1.1039753915769828
6,1.5417469426709793,1.6973342211954972,1.4726466110815175,1.2321816687561595,1.5462400579886864,1.3650158892260351
5,1.2290726763275888,1.2542811788132269,1.140281901518111,1.139852191605085,1.1062267794991534
5,1.4326975492204412,1.5338842933993133,1.2405725385456905,1.3958716263449231,1.4089966100957143
5,1.2454896528718802,1.3730951493223922,1.3117340571633498,1.4339465714450335,1.399144704614046
6,1.2425359639660423,1.0619052804052167,1.5109664135187886,1.2359407586558426,1.150828191589959,1.3177261280362036
6,1.0956094169058237,1.3300568964280122,1.5411541608617199,1.5456276780771905,1.2570618533873554,1.3569384088664698
6,1.3410816963982535,1.5485803453196278,1.4581501558186891,1.415367267930879,1.2056055953925975,1.5462176882589367
5,1.2206195366344292,1.1735090764955618,1.1795471475993538,1.421052089281042,1.2875347373335324
4,1.1440315402500223,1.234712310947856,1.535215705564089,1.3861654166704918
5,1.2836343314376182,1.5295946055684864,1.070065900928902,1.2150375917764915,1.4465502460809225
4,1.4932445464709674,1.2056306164966022,1.121258007110704,1.2237997623236738
5,1.5174228164886123,1.155557738935527,1.332344034566529,1.458806986635562,1.1939149947083425
4,1.6402849172855158,1.144253142946121,1.0743579655718,1.4028466996153526
6,1.538308310773171,1.1679704299446623,1.4133944873753796,1.3665002392290064,1.736024662924213,1.050448154104618
6,1.5571948549922554,1.0894403109072692,1.0604291425722339,1.4932191686692526,1.3132172493804737,1.504012626085016
6,1.2885158768178788,1.535193657111502,1.4601612726410613,1.123045348905557,1.3963177751373963,1.1762319864650257
6,1.1487136985790154,1.110508508802317,1.4037866078378587,1.2325209849938332,1.3627552157905678,1.1856865948710336
5,1.2519837689991913,1.5432152983877931,1.1610126626558959,1.1935314502377423,1.119043965539527
5,1.5015751059831024,1.4078315387279805,1.5106206434794662,1.5015121741766568,1.4145539576936288
5,1.4153692835576908,1.2240109449978804,1.1493987213413541,1.1831931600095913,1.2888252963345666
6,1.189280005245668,1.5364304776951219,1.1222784627041895,1.3103999931042778,1.5489028473163386,1.1220901097401033
6,1.0593549913248992,1.1988578751609607,1.2107006351101477,1.13994614791595,1.3298262163012042,1.3898220011792102
6,1.4901018160255415,1.1265912023701687,1.3980434768921561,1.1063658056862957,1.361616573195815,1.0840865980107897
5,1.4678973101531534,1.2271841237161194,1.539222419464956,1.0937177339293918,1.2389708533858435
6,1.4276516775288661,1.451247587964634,1.05933173208485,1.0792370466121357,1.2027145914388333,1.2758460311769313
5,1.409778452095727,1.4163864669025368,1.2885380979101342,1.3840724179623412,1.293204316820403
5,1.1143642410601653,1.5135436928101902,1.4898107866730792,1.0895657838442643,1.1941207623236736
5,1.4920804340389,1.4598905949472305,1.2775510579377665,1.543582069273176,1.0871381275197758
4,1.400563780401187,1.3841852016059903,1.0874280288398916,1.0879800529723902
4,1.3458378392207262,1.0887024203669493,1.1250994943217334,1.4759469106545886
4,1.2729810452203605,1.116806141232657,1.370488370412508,1.2131831519755452
4,1.3164299230541217,1.1469873139304452,1.2055319761355263,1.320285079668296
5,1.529932948851383,1.1410795603958324,1.4671145695051135,1.2129583802779749,1.3576332189708935
6,1.1325518563234638,1.4198701743891122,1.504476623394342,1.1847979564361772,1.4508952669210116,1.2171840892418888
6,1.2877474680628598,1.4116757277580039,1.4823321648283945,1.1919774640595675,1.1667794209482798,1.486584435007563
5,1.2437339773390057,1.2993999072642297,1.282556610991604,1.0517280452698654,1.4692563021319596
5,1.2080927917453606,1.3956150687523694,1.4720492648861665,1.279703195154567,1.3558296602694635
4,1.456665449770486,1.4889937422447066,1.3489209129096666,1.337276586979701
4,1.4727248091321705,1.3506230613444365,1.0620127943603623,1.124424096958839
5,1.392008770891195,1.2515152246325603,1.1929583035423108,1.1216279951209323,1.1979002222617192
5,1.379589136304577,1.3616694865410386,1.1310321300645516,1.4965090989691026,1.1453025614093646
5,1.1618810298030275,1.161744289016151,1.451739335978078,1.4191585759988896,1.4322560024972852
5,1.0763365446322166,1.229056522452625,1.2108326281967796,1.5114397822998145,1.5309898377688924
5,1.1574341724262023,1.3275153951492162,1.2879192475380101,1.1403149881852108,1.4631548641151524
6,1.2541216938351794,1.3685443150969552,1.2919265314767292,1.423924321474425,1.4429591251914695,1.067630746981061
6,1.0845258832381464,1.1178742654097489,1.5865913870541846,1.5391806994306052,1.3668296810504905,1.454702699081161
6,1.1657507051413885,1.3863811402207802,1.4247567611571137,1.419394994586894,1.5384458257836944,1.5152983169396834
5,1.073066057819473,1.0680043650856597,1.3222102642066873,1.4668302727290097,1.0653841642350759
4,1.1167657697733238,1.2763304493438317,1.4597085340066673,1.2808427580595267
5,1.2682653327154942,1.4301859621117743,1.5865359300870017,1.3048501788932854,1.2629078727525151
6,1.4654731198623008,1.3768554460684215,1.2178727592746503,1.400371699380815,1.3860086646747727,1.084081489419623
7,1.4465622256515374,1.632398798385566,1.323164666846181,1.286940159759188,1.0923602745990475,1.2843880237632834,1.1420496856788809
7,1.0960562154081426,1.6614306073368772,1.5832390361832713,1.360525261143427,1.2134904630995627,1.1161408697734494,1.246758060890445
7,1.1783706335609747,1.2045625051594986,1.2642728754857722,1.5145044978301765,1.5039174941467324,1.129920773744088,1.1530966858296101
5,1.285058424893098,1.3879827378644296,1.401065070966346,1.0885680740107526,1.0784214878141996
5,1.6451922523628426,1.3847135581501455,1.1022518084167405,1.5189072372962196,1.3674790557462104
6,1.6457424842770034,1.601890971300949,1.2975618369207909,1.053655797223902,1.245151555451447,1.1166748365681798
7,1.2444338058916706,1.432525928852912,1.6019005684386318,1.273446388553861,1.5417941511429216,1.1486303251373522,1.4367138037128067
7,1.2118699356518152,1.6552943260366404,1.4077336400823066,1.3984873034556478,1.0624807420845201,1.3227621191358614,1.3718524918844577
7,1.3909532259472588,1.422510931468906,1.333507340162957,1.3628145687333002,1.3252749353131832,1.2431613602522176,1.4505125522522848
8,1.3798910105946671,1.7097669006157252,1.343910910084191,1.2867780717729402,1.3249527996677146,1.3717711076402799,1.3778205120589284,1.2111540202657778
8,1.1134251138986448,1.3259506434995851,1.1998500613363934,1.132329889905047,1.1804899665192994,1.4535119714443951,1.492274121978633,1.4527864377762905
6,1.244667729889464,1.4062076963302783,1.4594468538132008,1.1681474493000747,1.0534198469722766,1.4721722987597448
6,1.244439028469185,1.4455554493104326,1.5400720269731196,1.0993694315693787,1.394394958047229,1.1639928667719448
7,1.3458984586521847,1.1287059029481101,1.2035777682113968,1.1503314472131456,1.3381192003305262,1.5137625932485217,1.4992860472727603
8,1.4596710899575083,1.5722997841869897,1.6036337219246133,1.7029304073101232,1.396356626962358,1.401930097700518,1.101390767305032,1.114468340218219
5,1.3621184012942391,1.4062363256663186,1.4604401335816959,1.1498995514338732,1.3659755471449821
6,1.5325489952098537,1.5456095152797018,1.540809751874357,1.4565406286760132,1.2015427984746911,1.059285671695719
6,1.3557348782244267,1.5630616923912808,1.3408313690534648,1.2108471321006606,1.292110928275087,1.4145631008537827
6,1.582559162946772,1.5483724889048194,1.4148253653917526,1.330031737143115,1.0628180221742973,1.4066974520184743
7,1.4428501763092516,1.405889556870737,1.3014911461254053,1.6545245834299769,1.2799333587366737,1.4586057372708467,1.3580819420425396
7,1.374144124086631,1.534006411706797,1.4062652311771564,1.332561968344256,1.1868944583349406,1.4027798362897677,1.1343809573443624
6,1.3177549507922017,1.3596794632174218,1.3389431285621554,1.459822355285601,1.4466716121262613,1.3409571709045365
6,1.3181192142512113,1.5992346465545366,1.4410631813834196,1.234867411195012,1.4108488556053658,1.2383802745542192
6,1.4216902663375877,1.3186426457827156,1.5421513212395135,1.060085121504223,1.065953893667055,1.2131801274346121
5,1.1387726434900778,1.4987517617139339,1.3405411621519077,1.3977522742626682,1.5026454918491827
6,1.1812462564841164,1.1620983160656775,1.2489650120766225,1.1570947404560872,1.1406911520397967,1.3692114455409292
6,1.5242799163132046,1.513521801867441,1.5024542064929025,1.1542061281715204,1.1998502319142506,1.2870435735018466
5,1.3832283253214082,1.328080331324447,1.3558943606887974,1.1464048722550706,1.6604589164792223
5,1.4463264610750142,1.1571784812814776,1.4843525713790182,1.4051894706721035,1.160508656945802
7,1.1377951890926528,1.3674689320332953,1.2740354759429744,1.0746963808641785,1.603514070242448,1.4985263700613327,1.1520616248884086
5,1.4408494885043526,1.3075964151616697,1.1043434181798824,1.2824917606952868,1.3755893943382798
5,1.4080344699262382,1.0970249963137044,1.5207570458117063,1.128404837572192,1.469555975725933
4,1.440592697885439,1.4523424036558845,1.1928656667035529,1.4362348141252947
5,1.4099644824304762,1.5081189571580889,1.21782798312118,1.3125321932519909,1.4979067458649802
3,1.0542589239144073,1.368721205222674,1.22728400891095
4,1.3158379573232644,1.2560061129864208,1.0923048165492184,1.3515327948988338
5,1.4815622674986308,1.4427125350470953,1.0844416156069683,1.1601255024952133,1.1152882164408962
4,1.5901226933383836,1.0910333880498129,1.5384872810636083,1.3827321197850808
5,1.6363488294011597,1.0284848926499055,1.5265839505577095,1.342860894930426,1.4377677718486208
6,1.3908196964208785,1.257625726594771,1.4497829714552846,1.4562685160673121,1.1861210166768241,1.278182924741911
5,1.5378442011701712,1.5260701600306117,1.2137794645560152,1.0982250846029784,1.2246387965609007
4,1.216707603893762,1.3026116148112874,1.5481936596631047,1.254247532955275
4,1.468980767194049,1.3410015160278959,1.1421526328762177,1.3661202955586178
4,1.4923906389115917,1.3405537449508778,1.252878399056581,1.1710848734197943
4,1.1201830719448214,1.303598733036548,1.426626334791361,1.4304738841420743
3,1.3682856497959934,1.0257250268606697,1.332424502846537
3,1.075163136502991,1.2741888799285348,1.2647017108189904
4,1.1152869403655985,0.974112950111767,1.1627943512926409,1.188942593352166
3,1.3475986457997922,1.2346124996502317,1.5460684879614512
5,1.2248208903530244,1.434529764765345,1.413246800927271,1.5742576949909635,1.0949234579144567
6,1.0837674717142345,1.202448908009033,1.4071785892538946,1.3778532435509796,1.2033411962342073,1.3003894326849654
6,1.6867994815334537,1.2340069658066846,1.4492252339055633,1.2430462953165013,1.3911675030327586,1.1390225981754676
6,1.4748768641275503,1.4732251296615932,1.3373700049898087,1.4782531647752664,1.3474123245945315,1.0612910929426842
7,1.5101266726403737,1.5095723214537877,1.4201759653796497,1.3724144198196615,1.2977941849932992,1.145308695815159,1.2182967534926614
8,1.3020863162686338,1.2712817090695527,1.4963773450957938,1.2278503637855112,1.5453864247879203,1.3259421937703861,1.175829044713874,0.990915195080938
9,1.1676874772609964,1.3746098833549907,1.33896967382579,1.1460053437232967,1.5561598229988143,1.407738178373471,1.2052312613241414,1.267821976158648,1.2607709498192727
9,1.263190674107661,1.5045648442699395,1.5723099046143034,1.1016223244165406,1.4498906091782104,1.3706185505362858,1.5053646911201124,1.297749454342093,1.3058708604301152
7,1.4414622821583365,1.352631039979676,1.4052462831988783,1.4026393682739178,1.4260569557685834,1.500475946604865,1.268048341570196
7,1.572471452637061,1.317752034500412,1.4358826600635377,1.3247218774443181,1.269952273903264,1.616021908826896,1.0135515566303497
7,1.4845325658940365,1.2864953671259862,1.5150064604172364,1.49935444278442,1.1579295973020651,1.3705527825294734,1.2834098436393542
9,1.1573140117653336,1.1933565521402612,1.3245459350386095,1.2495760256895994,1.2215663714836897,1.3164541164656327,1.2752358522077116,1.1291060779039321,1.2543433870380942
9,1.1762059745990627,1.3608446915564443,1.1505155031779333,1.323104138186853,1.1255943803967785,1.3672657991981918,1.5024403359081913,1.1481712760383949,1.3915442153242568
10,1.2800519349625683,1.187123382354162,1.402282921156827,1.2394355522362899,1.3622635947698316,1.188490220881386,1.3217673453133694,1.3751309643313445,1.2032594178987728,1.2441448001825675
9,1.1486260213807487,1.2153089971137925,1.3838705943921266,1.2474645296705553,1.4188965925857353,1.4310665073388549,1.531099085177519,1.3665041588449605,1.2165111919995635
11,1.3830595660756788,1.1870107532906187,1.0336735005767437,1.2015207311908802,1.4171683931668215,1.248645919246993,1.5403750530559892,1.3747682358984281,1.159080825638146,1.2889677579589256,1.529779349898833
11,1.503290730572271,1.0919805880102968,1.2978080094477558,1.5412935310356333,1.2911440896308555,1.1256209838079139,1.1593353948379455,1.289368240294494,1.5951950742660017,1.0642799923070065,1.3590679736630968
9,1.1268622375517616,1.5006674428710782,1.3557402173471278,1.2089559168214912,1.1965106076774703,1.2069383618624845,1.3293819290695752,1.2844856260205997,1.1183674975654934
9,1.379760252306196,1.0648703300804119,1.3161443814958362,1.2610609573761316,1.282968228088069,1.3464122216740277,1.3352310502464684,1.418777373036213,1.1124448986605824
9,1.4175508749397745,1.3053289785033044,1.5178744858086484,1.1582063850827233,1.3357843443726842,1.1926486660378743,1.2565209798098342,1.2150789009094356,1.3636252488239058
8,1.521856820553997,0.93268400477288,1.5481098809315497,1.1474711147314893,1.5167713417669715,1.3828586762252268,1.1128218911946877,1.2806376850797532
7,1.567915870863923,1.4055626518928002,1.4989975701061158,1.4243435693117423,1.2638027919482113,1.4844230661812632,1.3120428444987553
8,1.5545903956456284,1.4346172911610646,1.4060040393195385,1.624718933291029,1.0878420461844618,1.4133348884886092,1.4415870438077676,1.4583327131250978
10,1.376021313686246,1.1790803965772871,1.3758580132227294,1.2521427047650393,1.2083011355085325,1.2906921301435124,1.284085103709488,1.3843428190115241,1.2642365258150785,1.5439975349599109
8,1.37990543890366,1.2651847180923854,1.2656293873637758,1.2061008048940294,1.1347300191626173,1.284029842178831,1.5305687104243322,1.5365761061578322
9,1.4768612896049267,1.3815337670953958,1.4179847391910165,1.2878422369217148,1.1129998088540571,1.4121449919132107,1.3590501815145468,1.1785780579703011,1.3204034849983097
8,1.0057237489245099,1.5996241154916813,1.1531575502271114,1.0334802923708433,1.2938245627341283,1.6143142040623262,1.2248104954897963,1.4350839716421098
7,1.4217040798796678,1.318456492924117,1.087047757754641,1.1594274846030022,1.4865687015239417,1.2915476803103647,1.350662975174414
9,1.3815206389369574,1.327409009882997,1.290866123871691,1.0774036643104905,1.510319008072695,1.5340996627317485,1.523161779796015,1.376139233792004,1.2135384487384706
9,1.3380058888258266,1.476998886156898,1.6207798226353738,1.391116661469182,1.5596884386314755,1.2460726425959419,1.2070928408694004,1.3527397156698433,1.5481625223094995
7,1.5687950405616553,1.3754868620201046,1.150954027840108,1.7313795406553159,1.1891741260401498,1.4417484399647666,1.2040878311427419
7,1.2232656161635558,1.65612811844878,1.1217302021354514,1.5149705893680534,1.1203121178015565,1.6862578885440185,1.4607427410492289
8,1.336818122778601,1.433533637795799,1.4447463766222706,1.4104229313373673,1.4804623354354058,1.1197296360134519,1.2767181201609963,1.57101109577844
6,1.1689062580572123,1.1534414967007856,1.1339139772734907,1.5135339752966013,1.3050815358202117,1.2719222643348937
6,1.2290593034686919,1.224410604956177,1.499449275266309,1.4559121635016974,1.1443261203342763,1.4552902696936394
6,1.6284774471884738,1.3118100356716018,1.17117567897019,1.3560895202735705,1.3084050964188392,1.3463626208114479
8,1.2224141787990161,1.6148960747342611,1.101385450170359,1.2930513214107762,1.1294250550146394,1.3837422313913166,1.260663099903679,1.1574038924523533
8,1.5159778342365469,1.6579481778323972,1.5303041131066695,1.1069847875690944,1.0944002008811453,1.3993990812090968,1.2861179145927408,1.1063171462976766
7,1.306000656865789,1.4942845923639605,1.4034729299226172,1.3999667284447983,1.396435913790347,1.2703477036770048,1.3273512965438985
10,1.3367762040642965,1.467079154381758,1.4388517712758708,1.620199613756667,1.2480267611969513,1.4211893704684369,1.136027606772177,1.369668953614949,1.4652014153395418,1.1608763628320584
8,1.1189429653970009,1.4975073146554683,1.2445013207943676,1.499402952713278,1.5398830544363458,1.5135585825246798,1.4845208271580137,1.4970607159673646
8,1.4012678971634098,1.6140546176850536,1.495262313331827,1.2530922356392793,1.4125943647324986,1.1106305667471832,1.4925894635521124,1.2121293239929745
9,1.2307524027740917,1.2143073374456035,1.3783377406211283,1.2633207676859493,1.4478141120801877,1.1332640769831162,1.3987696819905506,1.5077293130514093,1.1933155362780568
10,1.4273922051971957,1.105853216052442,1.1761125871268387,1.2422630084043413,1.3362376404085778,1.2955012062129565,1.5431181155604845,1.17784138818507,1.4960922081273924,1.3337908136047676
9,1.316748426415438,1.4397584625645836,1.3010551537478678,1.2148092924081677,1.505633945814704,1.4799388648234115,1.1253939108984807,1.3488441860753517,1.0646246330515339
9,1.2923439948855648,1.4872293635248146,1.192984661667961,1.4181540781523634,1.494607735501864,1.5375634135734262,1.3299479751691148,1.0926907276747493,1.4471454619533157
8,1.5338900049955704,1.470636396215261,1.270170785075403,1.47622357311767,1.468436026284974,1.0815038983453087,1.2293696273843382,1.4258738583657014
8,1.4921381921344556,1.362006960818889,1.2887494587180388,1.4213650583864401,1.3339509430797918,1.477675050549682,1.521693204240243,1.5571815695454478
7,1.3424614000563952,1.4420216198243776,1.0880252634817447,1.473787038793154,1.3495706872477886,1.241756863083477,1.1988359109671698
8,1.4369265241712852,1.1639057841741618,1.3221010688461303,1.1855139461217366,1.5629124853240977,1.3087360926373075,1.2247638532133487,1.1552333119458638
9,1.1551973669008124,1.574480453131065,1.4896023886466108,1.0810523407001913,1.5277473666923678,1.4278171471174959,1.143843850421145,1.5570924837794946,1.3193220720240895
8,1.4712738744905174,1.2049236658378122,1.4188428301652773,1.5882284952095425,1.427574431884715,1.4676664919536295,1.202672553764256,1.599904192827417
10,1.2872868124713217,1.2197775474236687,1.1797579253218082,1.3313137352708557,1.1292671010658433,1.1832023816225183,1.364526149210483,1.3622664398894906,1.3083033428670479,1.0660219965196334
10,1.5031632392008716,1.4806613974978766,1.0962163907316218,1.2381056737116547,1.4981226242784846,1.3148537598082566,1.3541710951538075,1.2615229541990407,1.5146279968846834,1.4761759209936887
10,1.619293612513289,1.4012831534382697,1.4839183439678818,1.4263633848509263,1.445004455127721,1.4711299761266303,1.433890540243349,1.3600431030767657,1.2383286201609984,1.3265877107968511
9,1.4600567696114612,1.4306994213242898,1.4422207872791482,1.434273239161156,1.529166597653049,1.3386258435514269,1.2436328676366455,1.4831908023782587,1.2750879121823198
9,1.3026598862630998,1.0831826742801918,1.2628006086860655,1.1896098667980528,1.2181891193695182,1.2187827182884827,1.21994482429474,1.2058116783917716,1.2540009197404356
10,1.4711230914803923,1.1382154671675677,1.5696656264821842,1.4083782488019074,1.3894515998627528,1.4864225437438638,1.390564082981774,1.40453237948739,1.230271622407854,1.1943791582030083
9,1.1314689239449205,1.2891854525954412,1.350734658476508,1.2232404552379024,1.2035026014203052,1.4181184850849409,1.1965893889069272,1.2855278761804756,1.523269223894111
9,1.4323391872659648,1.4777428332433837,1.3392189942362414,1.291593081465822,1.6033339271470481,1.4862505948340248,1.1169714992167064,1.3522014567383251,1.3866867303829602
10,1.0533543089631816,1.4940820353944602,1.5270801684274289,1.08333291516947,1.314838912777953,1.5660400949520112,1.3181075960578985,1.4961984946935791,1.1599867902311223,1.283891282738975
10,1.3578591834504294,1.2028735281298746,1.4953900491664862,1.4873954053642002,1.4028157795656346,1.0750037540373203,1.5036406042014194,1.3735106560483599,1.4615596810316596,1.170787058480122
10,1.5078157931491858,1.4475933034807542,1.5122449230053765,1.5819234673331233,1.106150479371959,1.5911220859687798,1.0949296233160586,1.3912482531608992,1.3613225923076124,1.449356222720359
11,1.0908100087430879,1.4593420284028649,1.229675850048852,1.5007327448997092,1.1699257354050099,1.3681167345741685,1.2693467533619458,1.5087054508229127,1.2160621126771158,1.232702616882171,1.4392438039370061
11,1.1025006100154968,1.3188976765504485,1.1137083323921737,1.2071344982260297,1.3135093553046406,1.186429274453354,1.508644705610988,1.3453501256195537,1.5515515856360642,1.0682393856314742,1.4596730299106577
12,1.1589823485909572,1.47962396833673,1.5025496030963374,1.244921191346556,1.493598053750704,1.2017039260042426,1.1918063637628555,1.5260567408914774,1.3062123180883902,1.1645811331373268,1.2240657923647238,1.3569451799366883
11,1.146205788255824,1.3824865698592816,1.4232263569496704,1.5394137275014754,1.5398245658193046,1.192811544114334,1.465960322979179,1.307477353637276,1.1064935619205745,1.3664692330447386,1.37076411407132
10,1.5160374223185125,1.4907164569843563,1.1706664204027917,1.1939809215560615,1.1598254308884015,1.5953127967942522,1.4088707875665054,1.3492057314650245,1.0419985001229863,1.5224644859193905
9,1.1365915712905472,1.1344176129732442,1.2596782577203,1.3088077656959254,1.357844188894902,1.4509692463383634,1.112540046948369,1.2972243868273663,1.502187397251554
9,1.2641971432464567,1.1258798673118775,1.1816279577697693,1.2541719719587099,1.2488232882433994,1.5225458416590574,1.5812361589960038,1.3457418491844348,1.1507583625730913
10,1.3072975019156836,1.0880686475945576,1.317608577895669,1.475675023587815,1.4024345993942835,1.13080220566387,1.4908019044582845,1.0455406449729499,1.5038077641701155,1.3982089660161932
9,1.5276296570552994,1.3075433902402471,1.0974683185066625,1.4488209314491656,1.5548487973940086,1.620155917913835,1.4704798319226968,1.102731483625131,1.4159264591285081
10,1.4790921040357785,1.5689627940861386,1.120802530011238,1.5366813934263552,1.4115073251110128,1.418640409914904,1.2363250676747577,1.4990453893235332,1.3558094970349537,1.450973706265406
10,1.3821891913527449,1.453781732700548,1.2580202894411632,1.3073154390746844,1.2230167182115645,1.618680912736999,1.136988381520152,1.1267085334030358,1.2000277341297083,1.1966798831018848
11,1.5169660268166398,1.2709537567889535,1.4239289210232402,1.4278570313527996,1.3747839998218905,1.6239074412154695,1.3219269063874846,1.2490793463304721,1.1034441718193506,1.3177035843679208,1.4803219692379848
10,1.102458675647169,1.2333110248206893,1.510729185012328,1.4323059610555682,1.5081541068077027,1.4320232653355975,1.294737736368044,1.1957851324012845,1.1735099149640604,1.1087198699450127
10,1.238717159889874,1.4332190016632003,1.3133820679897295,1.171140084329202,1.4029651082704824,1.7246960056719238,1.4989133892706108,1.1417456509900508,1.3956333319455048,1.1326188958812151
11,1.3061573297818287,1.373141001995444,1.3406873940348891,1.5378849564189887,1.5287660885844288,1.246952447393096,1.4017760918850632,1.1518764498312535,1.3060453084828947,1.4241286082931852,1.550761580175249
10,1.431444430912281,1.2235101202867185,1.5041203284305793,1.540323214160535,1.3382207028186437,1.6265540940266174,1.1317278471635366,1.464640558485658,1.3342726386755002,1.5186010987359588
9,1.1022570256786048,1.4819337210944326,1.0936837227300824,1.549465514793414,1.513689412280245,1.409735045486933,1.3298141444820222,1.4210797677581988,1.3399232764811104
9,1.6002114615965322,1.1671271729934145,1.5232080128377334,1.3173775522227376,1.3857653866286506,1.2556880391935688,1.5066342202047411,1.3287440483388266,1.4363193703714194
9,1.2948714019340712,1.2770924815347426,1.1511468794472526,1.2025582345086252,1.394748028005857,1.1887205475109284,1.295364404356273,1.1853545931918779,1.3449077832520888
9,1.479278713854126,1.0684662135371719,1.179934644854063,1.3076891296185822,1.394735211325686,1.1046771263737811,1.4377378964416687,1.4292883622189447,1.2864846499762435
9,1.1704617534364896,1.1388697464260946,1.1989825878287563,1.1645770830126452,1.2002443838265626,1.3580119738769374,1.2938893396763043,1.5122515124761482,1.0625099146210737
9,1.5080490955657517,1.1852941491660374,1.3136079940691452,1.5092776187467845,1.4162622015950574,1.373571089671082,1.3540573756136018,1.3577795177495458,1.535639321637146
9,1.234360609679691,1.352765722117859,1.6302228130944245,1.102207843778076,1.1732221555754219,1.2462745325623186,1.4387402743162458,1.52732929091005,1.3734046067004926
11,1.4352524792150934,1.088110008907776,1.2668082630663502,1.315290297977733,1.4326902815367637,1.559093694129481,1.1899496708167308,1.1751104864377648,1.323691194638388,1.173396360252185,1.1696967243422562
11,1.3133048458979437,1.1542029944540477,0.9916578319230219,1.4382621142110392,1.19354020983746,1.229687042851181,1.2070866064935417,1.2440739986529303,1.5535876069041938,1.5953231236310206,1.1325772396185285
11,1.514723037609313,1.2181461109411627,1.1460599894342842,0.9264920608623731,1.256221655620722,1.2434098482608242,1.2536501253161871,1.2511980463677412,1.28107004016004,1.1921317166071006,1.247304059587295
10,1.5183444619801454,1.4464911623267256,1.2543760079071158,0.9899743591482211,1.5602486444949157,1.4787608103576437,1.5043112414563926,1.1337222711901336,1.431888236332043,1.1405212318224096
10,1.2699326369032191,1.3314965983973732,1.3765838434386986,1.237484908397578,1.2855024282093401,1.4995775295395166,1.3467664041482026,1.398838231257293,1.1502474095386388,1.3136943162825314
9,1.5118014994226996,1.0375780197195767,1.1208408417725884,1.2892426002352317,1.111679430717801,1.3494636660182697,1.398184216090266,1.4450767345888123,1.1631023959472482
10,1.1044396168288229,1.4410709384697273,1.3626262331639107,1.4509838335005927,1.1819865773920892,1.2390041879009357,1.3072651396215047,1.2730684916729376,1.4419774964653378,1.1984943143198126
9,1.4441997274763834,1.3775011401842854,1.2892124873677349,1.1746922206656896,1.1267900889734175,1.162978053789209,1.15451988574555,1.2553307312823379,1.4477501519634246
9,1.4487718307585213,1.4385097717298982,1.2083296081477501,1.2647353705087618,1.4901667278099826,1.1529212819714472,1.1739756192645299,1.4174211258387215,1.3653212546454478
9,1.0508584217629842,1.157727778245769,1.2678626516334321,1.3860367914781642,1.0881821484802239,1.4595100895405373,1.191557732340085,1.4332534657125964,1.572932638850251
8,1.4025291527255883,1.2554926456338764,1.0745320092756396,1.103729214205985,1.1180862898146027,1.2881519994768122,1.3724139521198684,1.2444652300277415
8,1.171220230301627,1.2750893092340372,1.347665474731016,1.1198544736961549,1.5330800741030686,1.403296065062069,1.4336317455768695,1.4193531362670617
8,1.444814860365303,1.5071844216575767,1.3387348800247951,1.4765138868692127,1.335812795213137,1.5032291368088073,1.1900450819227604,1.4105792453063244
8,1.3019995102406794,1.20278158697132,1.3583582722791878,1.4188675755190148,1.2946960728292827,1.3596673633612921,1.1856759447143164,1.3240399819102668
8,1.4819654919641343,1.479500690803355,1.6463399128726053,1.2965927097519347,1.4578642964531283,1.3606523746551558,1.2684487390392196,1.427709701428288
9,1.18689168195385,1.2534941941864806,1.5733561883292233,1.0571319610558276,1.3584799954447357,1.4985948901379773,1.380945896848808,1.1181546798689277,1.2897458212522201
9,1.5793834430483427,1.5585279559561283,1.0854020401520386,1.2424132632911415,1.2676764528193543,1.2555131082644089,1.3790546259519945,1.4950688932044383,1.5725304957454649
9,1.3392237463931314,1.2951176091127812,1.1908921594820672,1.2464337541850483,1.2090226960485233,1.4904600475909278,1.506596248884571,1.5048471064531699,1.5533100364995498
9,1.1450043046864666,1.3665786285224595,1.3344876882071008,1.516100817506559,1.4937676480457593,1.1412240284846475,1.5301703787888972,1.2977284185221798,1.0907272847851919
10,1.4243674964964559,1.3146420033767907,1.2401021930651108,1.357061901380273,1.1642032060690264,1.2045946913515628,1.3200140942682366,1.13046643301753,1.2265810813535716,1.2193488681741236
9,1.4711802675966517,1.0976399528590646,1.4383566310896254,1.3049678868901782,1.1891235423040856,1.2605073417479271,1.0545044545174975,1.4365159531139002,1.5511209410810392
9,1.4169741556962057,1.3625029845977974,1.4445718904992,1.5875648294777707,1.3282381212248233,1.234651819437345,1.4597103109897482,1.366386632976047,1.3318676368524325
10,1.5501847020809092,1.184967095148595,1.078027448291161,1.4736629647999528,1.2099479581391817,1.56187201514137,1.1011087912006285,1.1316232281489111,1.2965980981640564,1.211155797210385
9,1.3775100929761666,1.519214990170861,1.1111878239766955,1.4230785073974621,1.1596748072874747,1.476985219435579,1.4000437698692483,1.4240424500859878,1.5387966981200827
9,1.277435195282571,1.3360744050766062,1.4208388911653267,1.110438763193553,1.1240507739796881,1.2883359235904308,1.3933919318502082,1.0756122725217625,1.0887414293376105
9,1.488024020363729,1.4128463047940756,1.2806980690079852,1.4393020779756236,1.134861099925412,1.2457876549739966,1.3978861645771168,1.2423095220106122,1.4565766870789034
8,1.2674318300935672,1.23369248972009,1.4792474676715928,1.434977808578431,1.4401794295690595,1.104787521913685,1.170826581118867,1.1042399784353145
8,1.5135188939222894,1.398872619295466,1.3541153760462834,1.2013857379976391,1.4761218614676084,1.3173003039276856,1.181088743537304,1.1684847945470214
9,1.0715821857827943,1.1231445600571281,1.2175585078849638,1.3816708631608465,1.3277779484193555,1.3921704979631224,1.4563455428806236,1.2538731913206003,1.262094056956295
9,1.4352578148822237,1.1327685814073805,1.2757289098676827,1.1391562777928512,1.1551517470800363,1.5414762700179307,1.0714327286840415,1.3650958170161847,1.1740360101006644
9,1.3100249606558243,1.1649667923372622,1.5868421679895888,1.2665628475938273,1.6097960632992225,1.3924490223214365,1.2949346117127944,1.3674919097237224,1.5595936172484834
9,1.4857991142613598,1.4115485265818837,1.5414580798353357,1.240340603982617,1.2940281151120887,1.5116594483598378,1.1600882072938523,1.1821326132374665,1.3379907717522181
8,1.3133974471246828,1.5758636760681286,1.3700398821602153,1.605996178183465,1.1960756226426015,1.2839524223073713,1.3389459819175553,1.34656367365858
9,1.054072107869683,1.330656380110447,1.0741393244233077,1.229415800703136,1.4874419998838684,1.4377923522267935,1.4233536284897867,1.4530327842655477,1.286843210960631
9,1.4066638415279518,1.721068107605198,1.2264568248400163,1.4782584485995598,1.3577278037229241,1.1082203154767898,1.2956516593563423,1.1242668163055087,1.329090067959053
8,1.3045538638594294,1.563897253500181,1.397045893077767,1.5238733728693457,1.3379824392679698,1.5947067643310004,1.297898832991971,1.1877394960100347
8,1.3182403078602651,1.462781459071916,1.104645875607851,1.3959218938418603,1.3517060879796516,1.3546251202366946,1.4506439796003148,1.3114237045532062
7,1.4737872726761452,1.5368573686371438,1.4678932614796114,1.0007714933279814,1.437111070363283,1.5462634524434862,1.6137234231846116
7,1.3065753757399667,1.4682621683897559,1.204782864911536,1.0846518674781076,1.414281432651024,1.1721473411822416,1.3151900063733517
7,1.198218524725735,1.5243123153730698,1.2505402173158775,1.3593759094914655,1.3494102460136472,1.2557680520633685,1.2234859918748575
7,1.5163319585350097,1.3301785341758112,1.1918800717579612,1.2194376217614624,1.1063675715509786,1.4653542545051252,1.0555997350451711
6,1.5332301819130494,1.0767520266714437,1.4482574414319234,1.1355598294299578,1.4347571212077126,1.2069347942585573
7,1.4393615665592518,1.3377836060490451,1.2313620410571957,1.1361182945384485,1.4644672635711036,1.4594716180964091,1.1111473629737465
8,1.2988393593302932,1.548077524453486,1.087954521339012,1.2389861576111114,1.3455667266323388,1.3902479849374207,1.2042176632218498,1.2367559309598632
7,1.6181471640148,1.0726533380017311,1.2991242532288267,1.2289494157964471,1.484367291817821,1.4891282502277492,1.2436526456804795
6,1.3844742622236135,1.4278593620640918,1.2392650337911388,1.5165415558070916,1.5351897824264669,1.3781270745735203
7,1.0572570037503046,1.1935911942764215,1.5160642721796782,1.1949664137888794,1.3715077277104697,1.436040455280519,1.5021425746078354
7,1.201558923772035,1.0778824942219591,1.0618303612360342,1.1537275409337362,1.172465660458541,1.336456825742288,1.5834457159708661
7,1.4792243814399402,1.5097312857094531,1.2150736750042819,1.294501924827633,1.2655380237313962,1.5028939875458005,1.5098620957120583
8,1.3433529419402808,1.196456207709877,1.490420307918178,1.2178940558665234,1.2063797049139497,1.0449113922867779,1.127761691288949,1.17354887231257
8,1.5321576715242085,1.0964337992740958,1.259811372747384,1.4796994372466563,1.4806293282561647,1.5231010396654516,1.3624736682009368,1.1531776182429843
8,1.3515931809801238,1.161482119127941,1.2421528915056748,1.3075381451360726,1.0760806325231336,1.165692897545732,1.3376124528513649,1.0456588192186411
8,1.5698191482223127,1.3803645643680238,1.1587667942206743,1.1909391314729298,1.319860784495831,1.5010458977219243,1.1324270215176333,1.0303851771253854
7,1.4326742609516478,1.5384923217869921,1.5485845170408978,1.3119867026111913,1.4013785476575333,1.2027879260077643,1.2172189309763384
7,1.259294920608321,1.3767663152149,1.1882545573782914,1.5418603290333712,1.4374435792989766,1.5184223837363136,1.3404076107106395
9,1.2816997230948253,1.4797731788852693,1.253977602945963,1.497720585784007,1.0540516983452228,1.3045845417789836,1.1287657784747895,1.3856723204568504,1.1712900592602942
8,1.5431211413700985,1.2656295301007907,1.3958623574387894,1.230216398871128,1.438494989906668,1.4028870332893293,1.274031345517709,1.3937789487187005
9,1.4856384167067018,1.177923126840491,1.5852034777318227,1.1862151164309516,1.1003346679815504,1.3586951475182527,1.207421313234505,1.5296201325541308,1.3129364211191459
8,1.4649533389210965,1.1975455811960745,1.3335767501665712,1.333189623415742,1.3236216157980365,1.1418882546155351,1.3997748217950994,1.2663829724807243
8,1.4112118574425794,1.2878578394555462,1.2028648139469007,1.2799562362934844,1.4672561038749803,1.1842632935166364,1.4102452260245426,1.129685640506793
10,1.2441761720378386,1.167771826333723,1.4753974480543406,1.3520199685778147,1.5956630438235373,1.3601592226320776,1.4402870086978368,1.1019688582362621,1.21329863357268,1.4655206827344969
9,1.4390273208578306,1.234701488046079,1.4383488442105068,1.269405038272779,1.09077104859279,1.1252851328937796,1.5548522083513154,1.3564110200901973,1.3644940760315576
9,1.5007230941642669,1.4045336217292557,1.2252597823790854,1.138235657542341,1.1908148608342064,1.4872804167800762,1.4964821130839208,1.42483037895638,1.3828831557395103
10,1.1752476691309763,1.3732948212579645,1.1372076166239564,1.5857323490285833,1.1700030330640432,1.4392023248260282,1.311606420023063,1.124865797170883,1.3239684457558853,1.4193211612658778
8,1.4610557994615438,1.4362629605178228,1.2648881045509133,1.2563180553121132,1.5676776991700638,1.0988699084346671,1.5102921493967887,1.4916021432053246
8,1.3716126286541046,1.2052168416800977,1.1195726595700681,1.3974887862451062,1.1702174945159842,1.5046169296334575,1.2685407120660834,1.4090114686299158
9,1.525882717262808,1.144511292201707,1.3606955904423133,1.1726805271866343,1.0943792904878267,1.3836770275076256,1.2069163503638893,1.2639390198750535,1.1935221055729304
8,1.183066817040041,1.136700762385085,1.3933223993724457,1.5874287786565793,1.137206691082137,1.412817395765826,1.1445795727950785,1.4000586334751541
8,1.557402997544916,1.3511812648819796,1.2798438202176052,1.3824035568170385,1.3220207293814947,1.0931172180484605,1.3199546195479968,1.1838404318667786
7,1.515696363195775,1.4674780614535632,1.342245235277059,1.4658175501966466,1.1093856445251424,1.1360661783896508,1.5508190102553365
9,1.502746319281787,1.5518500725985154,1.4949864321390387,1.0354788772671346,1.4339666963393687,1.2629590653907217,1.3048465977504138,1.2420239810595346,1.5431388507754198
7,1.4102017583317532,1.4721368167684281,1.1490403942053458,1.3895610578258002,1.3970667129271448,1.4705475661995606,1.492955112024908
9,1.5437784094093563,1.4866124414878719,1.4301116240464329,1.2403750735556174,1.2564748016235385,1.118556496389448,1.2407894506397832,1.3240533553010476,1.5148391290756342
11,1.5434437733084898,1.314214733273919,1.3567536413275891,1.316780978407556,1.3951722330289054,1.3521699679537782,1.5057667322105086,1.448994126114341,1.209871888626441,1.5036623083200145,1.1585709933480284
9,1.4931199371698851,1.4521994454798561,1.2824016349083045,1.3630633258737643,1.275587202176129,1.0990359910304957,1.4444304533562842,1.4687774923627448,1.2751980190719219
9,1.270813807600912,1.08761193672342,1.4472619396201438,1.55268683021531,1.4711772913038366,1.1202118002963533,1.2644150311213858,1.100468837089608,1.3607675105687604
9,1.482090521399826,1.2991024362981152,1.4515066149030649,1.515684520076233,1.1303964138887233,1.159287928865942,1.133663476148708,1.0646577977262517,1.1563842152588204
9,1.3733445983730668,1.086551597312891,1.311046261174744,1.2831522065243794,1.19389648636625,1.4468967329454363,1.1492730535609479,1.3880327411889863,1.4813674856128014
9,1.381620410314786,1.371250454979781,1.4856311959573398,1.0779683250659988,1.445269843931448,1.3406848531300188,1.238790560555541,1.0959837871491598,1.290409695352147
8,1.4389820675170555,1.1839256312279756,1.4606436401837584,1.5157954922561696,1.5244605787565495,1.1857819903794502,1.232877175779697,1.513537354566277
11,1.3749711732055623,1.4333740479409893,1.1877316112781369,1.3300429917023295,1.3191086545940702,1.466351259717111,1.2902931955523322,1.2317455697742699,1.415736210081107,1.2481750260428053,1.1633068477245048
9,1.1091814617269458,1.4619829917097167,1.1222357513169192,1.2930288243501795,1.3293056254524935,1.135410199995382,1.0580657261230857,1.3856605096067418,1.5538548214238042
9,1.4844354009435095,1.5661014520921468,1.2320018329347526,1.3473481852880884,1.4065778143175074,1.4018939488781623,1.3111354627093657,1.5743252030417,1.5135702557027806
10,1.3092155914620796,1.2106204384931971,1.1587964256343224,1.4759537689467277,1.5109725442227098,1.320192028132353,1.3523383007679943,1.1373581373291142,1.1842751700356446,1.2891379620933496
9,1.5446106567891777,1.036448017419612,1.5103216884305344,1.2856989736835394,1.429369733911109,1.2749543413404556,1.2503985066226815,1.44554427104637,1.2986263993193368
9,1.2729796308264092,1.2480149859307836,1.5272062505217097,1.2600222137749668,1.5221067874359397,1.5536339582071415,1.2701721557046644,1.2840875411640047,1.1444014601027743
10,1.2079563327898932,1.381497145184346,1.153092712195237,1.164452589754825,1.546400628516559,1.1919060470004597,1.3394042078163002,1.379488364154609,1.2034994485560215,1.1581689864796163
9,1.3910491988674367,1.532448663570759,1.3200604445927706,1.3887827885321546,1.4791037249287393,1.5159923782184874,1.2875345924544068,1.4854993153170033,1.5485781427186973
7,1.323965618952902,1.0762265367344324,1.3308489749779215,1.1029335386473387,1.4508827223286411,1.404384459313942,1.3645366595906399
8,1.493423616069221,1.168575180907798,1.2846711207266333,1.36606475329599,1.3445012250959185,1.2310188611954411,1.4913054178766771,1.5265029582701652
8,1.2193994468103873,1.2604492353474532,1.4964651285597599,1.2747309498644093,1.149290490954743,1.441046337099952,1.5879538869263008,1.2200011775003672
8,1.1555287426154968,1.4357613528476916,1.4532202637111868,1.2193285855907725,1.417017658260357,1.450976009754552,1.2558445031142484,1.1011386824044058
8,1.2104645626590882,1.277866073322981,1.1154446409819996,1.4198053982476497,1.188745203235404,1.5220266235147022,1.54267548179553,1.50911657434636
8,1.4882039628201262,1.5198846830358939,1.1525978696515484,1.1575104503310196,1.178191517212715,1.486265939166301,1.2628109368235458,1.0767118960881938
9,1.0060060107373803,1.5551565609181273,1.4452571057153478,1.2833293235919936,1.4173303493563452,1.2868476760524077,1.099005506672853,1.3046186443806664,1.5067853944732106
8,1.4031562359473828,1.2054062538789774,1.2510375008635164,1.5055424635170342,1.4215275947349568,1.4248762426681283,1.288189715840361,1.3576972390460367
9,1.147188136777942,1.4989923399087957,1.5474840950515352,1.1971130294200303,1.1684015532178043,1.2233016944995474,1.388558771490713,1.5601707657878636,1.4291221432352756
9,1.137327679482675,1.5333401394921857,1.135001718145537,1.3587958862277092,1.2632193726753953,1.2679786104510893,1.324774009945913,1.529653175265105,1.591900379967264
8,1.107950125572762,1.4664749246961861,1.1616841224506063,1.311792493031661,1.2165472109651962,1.2383795445249186,1.1943122805708073,1.5977884578481059
10,1.0937575288112267,1.3198019927774958,1.5112969399313214,1.4828225548574487,1.099296209390329,1.094045901040404,1.5066788397338944,1.514371931904013,1.6173771279570703,1.1983051033631964
11,1.4732922470300374,1.360781297975995,1.6215922844568231,1.3507665052080886,1.3773444799097867,1.208502862586388,1.3503520778083637,1.2880680097377701,1.4741931257311824,1.5718200519138188,1.174072429105001
9,1.1641845526989176,1.3615927175846163,1.2696419112656954,1.562953296017312,1.1096593370463517,1.1935571872890547,1.5346113138498627,1.40630714963897,1.511531726803583
10,1.2650753465167681,1.5148966494639624,1.5458952281942702,1.205162012739584,1.3115446820813044,1.457484255805185,1.1071110068860734,1.42707557190722,1.5922762532562074,1.5256740607245913
8,1.2476119537246861,1.5471901554419791,1.2327386721257236,1.5703628743123283,1.2114804717515808,1.040295752662754,1.2417437386486692,1.5308172456270406
8,1.0619846805420627,1.5685601823574555,1.1630315666837356,1.2003861117782464,1.5164532705358564,1.5420483025497884,1.5221129471563204,1.1196460173504452
7,1.309525295118688,1.4276064444626075,1.5427866829139254,1.4567197571777204,1.38366602779537,1.1675926373281456,1.364190754815832
9,1.473125830882888,1.3683207905773453,1.158428076614411,1.61226386037381,1.151206878960427,1.2025820181202371,1.6304746816818283,1.4434098568094296,1.5141267105381775
8,1.0898964774312805,1.2980246159123363,1.3974759187951107,1.218394430466517,1.534399152422246,1.2771898790980432,1.6253775933771393,1.4801835757242783
8,1.0927902553177022,1.487499673495115,1.2295861238609826,1.1056144694063752,1.2281144122401821,1.1248196574570926,1.5961573960772892,1.1498868723527322
