1,0.18930781616980302
1,0.340340171246099
1,0.40773391905983564
1,0.38652814309911926
1,0.3863955828726146
1,0.3238418830399547
1,0.42603603751103053
1,0.3453297000482424
2,0.4652725863321016,0.17462399924062982
2,0.416841748507174,0.40664417340171927
3,0.15529105328690634,0.46249464303111937,0.1624573488111764
3,0.5234701047410064,0.4843571572615282,0.34915833812424296
4,0.325413199057844,0.2070673685091476,0.2776861124297226,0.4130112224677816
4,0.11591213649436866,0.34187050182835693,0.27439044018919406,0.3047358713578457
4,0.09145899493055892,0.43089975440253375,0.2853166890097331,0.2390278495324351
4,0.2556206407688219,0.48792039427529793,0.4992663207354964,0.1413579687921564
4,0.09992817389828884,0.4651146275401436,0.09542160253326942,0.27090682568660923
4,0.5355631911855578,0.4732552586413677,0.185786877594252,0.5211456484321539
4,0.36449570707730644,0.5295090903434558,0.3338509004507401,0.20220762401075792
4,0.29478249534754747,0.1618880529773044,0.4393039853297151,0.4804334578655148
4,0.453769495473673,0.17928806779149958,0.18765973513118167,0.37403573171874954
4,0.14872668765377234,0.35470282525714497,0.29407453468785266,0.1951069089209761
4,0.3065743447109684,0.4674364007838178,0.1813281336867653,0.21905512733414162
5,0.26571485182249105,0.3242142478252044,0.2910044526772237,0.07698121817668108,0.2983449161008283
5,0.4731349654398324,0.47447852201705604,0.08388048146329435,0.5303033408352238,0.15675345918949496
5,0.5495020646670927,0.29761199926837983,0.1345226821359518,0.5277317946010442,0.14179580876291614
5,0.40508632465814337,0.05598317797011482,0.2356986716121104,0.33016712334109183,0.07821519468017563
5,0.2844013884733915,0.28098493828232146,0.5462997891254304,0.469004357915302,0.1540344025970563
5,0.5336124845351866,0.0712164069881876,0.4162219078505676,0.31467721962448864,0.3241560744148187
5,0.10005940295357169,0.13011385544764992,0.35064012314569076,0.23066389580080443,0.502198308487517
5,0.3434448264556303,0.44300409577313843,0.09449976491704909,0.35438946475637595,0.30026170817618264
5,0.3305018749053649,0.41117552050526357,0.33444996706475233,0.39295407965876955,0.4511403835342092
5,0.5140029974287217,0.14749994613204492,0.3795402373402505,0.345070381655973,0.398149552040262
5,0.0976469218103499,0.5043486037503704,0.2860377231302435,0.41017766121383487,0.49488152388023315
5,0.25030046190044525,0.30829834785319016,0.25701780535761537,0.4979202024843013,0.43569426255276017
5,0.28630616862194275,0.11961883166563186,0.28852656003502547,0.19297159666467928,0.4522197055140355
5,0.36134982923078446,0.09507902019621522,0.22298722926719744,0.5132943043872018,0.39432141234206536
5,0.25496009080606713,0.15518299010485165,0.40630216610400877,0.21259222731876165,0.39714954171320055
5,0.3177942525653981,0.30873640833870136,0.4125382777031776,0.37794157128239464,0.18430975290520685
5,0.2582369146257017,0.46232384617242933,0.3403133214677772,0.05726631516212849,0.408580292320644
5,0.5392919544115664,0.1658424591922278,0.2815620929000577,0.18697310241966852,0.2131458767705276
5,0.20534583475585405,0.35496284817985885,0.29671984960504943,0.37244187170952264,0.2108599764080336
5,0.19290145011647203,0.17876880515683286,0.22659811505752187,0.4146086513825043,0.35952653082480995
5,0.3661823275135622,0.3023673350659087,0.5089667298573897,0.13454533488048265,0.21411973530252743
5,0.24046964130564502,0.4565470106416148,0.34500086758055665,0.20500896904457527,0.06838050569270909
5,0.07633366923778456,0.5433899420846235,0.0832370526639235,0.173090962589398,0.32911493346502413
5,0.5423118481075033,0.0817755003040807,0.3329279518679437,0.362194861165311,0.4115300889175985
4,0.49657821427809384,0.05126189449281521,0.2517744790107484,0.29778354132113743
5,0.4684790864685066,0.4451613181873734,0.29108125742776353,0.09937624225258296,0.07455596087022437
5,0.46633451716863755,0.48363387990577983,0.3255230526376988,0.5326028610045357,0.543963808127746
5,0.5497483659255309,0.4288858929993488,0.09405688673791496,0.3103427617793055,0.4767776358744505
5,0.19909053698080242,0.40354128819602014,0.4148924192777064,0.40064748478387197,0.3218684304206095
5,0.23401895458020633,0.3058619665881827,0.35839795910342437,0.08370304093001973,0.31360352148275167
5,0.12566847049561686,0.4162824808313825,0.05646122980036955,0.3464313690634953,0.2150279725139384
4,0.14095624124419842,0.5127733177620251,0.28166951017218883,0.281477661320136
4,0.3389073089581199,0.31159787131331534,0.23915110440524817,0.2682454678388119
4,0.45946379391144426,0.33866157478996634,0.11647319867874878,0.3912533505867544
4,0.33747714982031113,0.41836903990784896,0.4642462701990749,0.3271583124288712
4,0.34578480935947625,0.45007962001107954,0.15869068288017812,0.08637286225229873
4,0.4552477477210988,0.40796671290541126,0.29309031950244063,0.3736718240285594
4,0.31099679316837175,0.257690696590316,0.11893224096647365,0.3633637877770352
4,0.406876168368786,0.2684161175276692,0.1678151308702895,0.47126023782259036
4,0.5265889328906781,0.4191175071781526,0.2538209391542445,0.24057340182786974
4,0.4733749713660768,0.17627236726033663,0.1268639567614827,0.4722799072378859
4,0.37986344874972394,0.13268622995640506,0.36282470521207183,0.4454383466363055
4,0.541446453799578,0.08029462011156735,0.5162316054893745,0.1345808267870509
4,0.47232702974395196,0.3344712622647397,0.406320785202318,0.15723931891085535
4,0.1726801943458866,0.11589961769118323,0.06329996408428812,0.10748141848703269
4,0.29064922684302846,0.3770322519060108,0.2958816212424,0.2379132955435968
4,0.30986897881559866,0.1194931593524084,0.33269096666199177,0.1823069484604109
4,0.25525491381553395,0.4630896296083707,0.38749941675579863,0.18065175130292094
4,0.20359113607995022,0.35004020562831023,0.18177399560386637,0.2535895833675677
4,0.07263356020553008,0.13159295954297218,0.08219509540288444,0.3947881733663669
4,0.4962708955905016,0.108127838215964,0.40683705863508485,0.05139237796303259
4,0.29629136037491827,0.3124794108199606,0.5122369848594217,0.10354907731205415
2,0.4452508975207026,0.13826689276875131
2,0.29361795020642395,0.3045387152640791
2,0.5248480917071427,0.4426102760339045
2,0.26913000792384495,0.17747845191507988
2,0.10543223911928207,0.312476954496906
2,0.14507547141520566,0.19443648553899734
2,0.5121046233751041,0.5101213885397831
2,0.1271407684958646,0.3738411678507349
2,0.5396384218516406,0.2049037157042271
2,0.41925149447986404,0.3301322500901283
2,0.5010068105061751,0.4752778089741177
2,0.16005960322401175,0.4520242013778995
2,0.5181963161981409,0.4280102060497
1,0.06335927191030849
1,0.1784786369635048
1,0.06981171754471144
1,0.36984416936189274
1,0.4268546585436391
1,0.15495829624440832
1,0.5096339507656875
1,0.20494179526142203
1,0.14157244257496687
1,0.18406225086852618
2,0.20532160839013752,0.25982018729484474
2,0.45029420531435943,0.2946856333325701
2,0.45508322397263273,0.38230554659465316
2,0.13921658367072426,0.5442008020479028
2,0.2979814842826031,0.5363227843252478
2,0.2211880795649696,0.378742171219211
2,0.07671886666246991,0.07277413094141233
2,0.2791233313566846,0.3123377673345556
2,0.3241234748698664,0.16796946480727842
2,0.3976166579719022,0.43422329354351435
2,0.4957459488910107,0.05716540700071154
2,0.4301002702680879,0.3801978421902176
2,0.43283857700759537,0.2581089669096685
3,0.39801430326922477,0.13197774940884205,0.5207380785646767
3,0.4668212660812798,0.1195303945232506,0.056907923534136595
3,0.12387091616250584,0.4980102358354654,0.0833689555331037
3,0.525290883237153,0.21292750807339705,0.25908867342253955
3,0.2096784237239248,0.0515971655840512,0.538614635061357
2,0.08920711667566955,0.3550535616235431
2,0.4386454954865951,0.47786984342370237
2,0.4893691444121501,0.12097737791536606
2,0.19463600665446973,0.41776198871145914
2,0.16110500101582076,0.40688240408934345
2,0.45768117956049786,0.24134289287147587
2,0.24330022956136893,0.33582579553297937
2,0.19459180710690777,0.3565123778355315
2,0.5117694397224917,0.051944034156508556
2,0.34561820457956255,0.0853541771459439
2,0.2421233668646528,0.24162209000116402
2,0.5308864466714103,0.23735428941448927
2,0.3932532740600993,0.14549870929435954
2,0.06719382684252212,0.5094890224006041
2,0.3169273879932866,0.5298260281128477
2,0.4016486838623467,0.16362457927988255
2,0.34617944164221676,0.541302850282346
2,0.29538284841625645,0.08778161041551208
2,0.2404520644345171,0.059093799696770255
2,0.5163167830777675,0.24018543570330114
2,0.42694641020631,0.4428360721507045
2,0.4499513011843815,0.4147553247519518
2,0.4039596151016355,0.3829587696527244
2,0.2069590524469323,0.2726044948242979
1,0.39780491179535443
1,0.4022693740479453
0,
0,
0,
0,
0,
0,
0,
0,
0,
0,
0,
0,
0,
0,
0,
0,
0,
0,
0,
0,
0,
0,
0,
0,
0,
0,
0,
0,
0,
0,
0,
0,
0,
0,
0,
0,
0,
0,
0,
0,
0,
0,
0,
0,
0,
0,
0,
0,
0,
0,
0,
0,
0,
0,
0,
0,
0,
0,
2,0.37986353724364125,0.24923246708819552
1,0.4090810019834598
1,0.16306036566743315
1,0.2078476367254381
1,0.4028398684513093
1,0.3315022520391106
1,0.05287889668065576
1,0.4599645770234326
1,0.32313422372584294
1,0.5325679317318699
1,0.15727391914947336
3,0.34989912194028844,0.43468082111736656,0.356914274726061
4,0.4620335951931394,0.12071200651891484,0.34075477879405763,0.05624520009145967
4,0.1748108519557064,0.25676243218338185,0.20734229247003716,0.292300704717206
4,0.2838858021430219,0.17844019655356153,0.3528082492942331,0.27476690334538695
4,0.5099108467463658,0.1719368715211705,0.27095408296878404,0.06212161012381939
4,0.23435432077332624,0.4887240652737433,0.4509221702680462,0.0904513759194307
4,0.4140557053592651,0.22050518683882153,0.5011102291074214,0.44856885786751705
4,0.44205801266999484,0.3290355444835073,0.08140186139277611,0.43926559446758157
4,0.44032128674295207,0.330712559406418,0.2496684243241663,0.48504766354995293
5,0.2250406915699364,0.34234430208191263,0.05615120541332891,0.40309110470712,0.37415277671032804
5,0.3530090631447265,0.41572043697698596,0.49727845168856627,0.10920868110886778,0.535209788969015
5,0.2991286321739582,0.4056120228034941,0.5231771701787704,0.15445240568855673,0.22537250475084664
5,0.5343011344054955,0.05019212401395695,0.4578404293313392,0.4565359503995831,0.24471284441247215
5,0.24276481142136902,0.3525331309587733,0.082758109052605,0.25205127191269444,0.4738313047640443
5,0.32296355841331864,0.3292508751077123,0.5189281081381141,0.17835676130190076,0.05461030536931116
5,0.08662280740846734,0.15838882533940396,0.096947064675516,0.2767863824510011,0.3625785455963127
5,0.24654312549303242,0.2585202704034895,0.07407567986943958,0.2443168231734058,0.4622999453185341
5,0.13850778205102626,0.342607296264506,0.5101985805486153,0.1905020266460566,0.2686604772691317
6,0.22257461784326898,0.3324136035611029,0.338980451022095,0.18174573656319076,0.17476444813563002,0.46639601532497815
7,0.33967062923883945,0.06123421581227667,0.5040428710032168,0.5182853105906353,0.11407554570276829,0.41509929262163575,0.5376789096800836
7,0.4226930816899625,0.40960053970067206,0.09604345938986986,0.34717212919823875,0.4375700328462721,0.439837264436213,0.30301412063521677
7,0.4425372012002993,0.1824673961137941,0.2562191055920165,0.26994698160876024,0.21617475980388096,0.1670876666330567,0.14356147416360115
6,0.23137134211262594,0.2753730854171916,0.3899863336602826,0.4776771793181986,0.1772133223401831,0.37348206664295097
6,0.27742702066355657,0.18999617368792027,0.11177310839007609,0.4262324998950578,0.44451338616695907,0.08743841562411897
6,0.07990164097937752,0.14069024992685125,0.45743838609475057,0.4037404517760201,0.4961967391853323,0.19780901041409066
6,0.05729996774179641,0.30539466357069006,0.1914663049234286,0.2753037587577562,0.13296954751417617,0.37864487976969113
6,0.5439912935220641,0.2318905790855908,0.5081096923547139,0.4173160945636936,0.22971958344434523,0.12673482669910324
6,0.5323283214867514,0.4468119630688046,0.4405868068350753,0.10598504809822668,0.44485160856629474,0.45382624278087996
6,0.3142653514996912,0.28242198990174555,0.18195452170213627,0.18193820058023563,0.16180240435188525,0.4082070445037895
6,0.12147940573613908,0.13634104490466065,0.15836982375179826,0.23968052400870116,0.25826140362822,0.462164525957194
7,0.4363256724012267,0.1278588799175348,0.34132462951144255,0.2455550059888289,0.49263329528137906,0.19782488473639287,0.3380620238895892
8,0.25742499136282954,0.48880265449005017,0.10775320987472575,0.44126504663905214,0.11665828484229684,0.07477375347366605,0.5111015009405511,0.3754230768253733
8,0.14036280144677754,0.2940999051302729,0.1684167273649419,0.23389322106726568,0.5351198054219763,0.22802903090221188,0.11561790239720476,0.35532536982258917
8,0.24664365502956148,0.10128768432125573,0.5066251322586448,0.3512528404428367,0.12498819904241759,0.2946820690362027,0.21427042784709155,0.3061370386691565
8,0.4566068567708527,0.4810812390026991,0.22497236494660505,0.2647766005588202,0.13534101650659808,0.3454441728083823,0.1545698829180569,0.2861509156075051
8,0.0811961599304239,0.34458425058989045,0.38661307071900325,0.3644586220149582,0.38980936116614834,0.42682288564308196,0.2786271229329191,0.20817125919710672
8,0.30163967520396545,0.4128969377477341,0.4164507017101278,0.4839002561827341,0.1485394480467908,0.421364466533602,0.5338613601759343,0.4740791134178672
8,0.5426441033141809,0.34432374594999643,0.30180190141790225,0.05924712900112111,0.44401797558659223,0.16252948985263277,0.3533991729820009,0.11657037064447756
9,0.10151831854312049,0.06533648039973078,0.3731371372256113,0.3940963849914714,0.0838814330114615,0.5153727837639304,0.12588822726768695,0.13238652448536808,0.09354713479086335
9,0.32716603098868574,0.3775064810274868,0.36387696291869037,0.3875375958871356,0.47818231309000464,0.2435855193874858,0.12682685881863526,0.4466431731909907,0.4919883046171491
9,0.4974978207709548,0.21799234687378682,0.4764435481460145,0.4328272255783167,0.5090742957323153,0.18586377785433356,0.33985226228616044,0.3994383041374047,0.18421533917384142
9,0.171635150607013,0.44818687236707405,0.22253143368405953,0.3719673646691993,0.4656967198851913,0.2660112203196569,0.30589075423537654,0.5080346775949085,0.33344969545624764
9,0.22265797858872133,0.3007739646849364,0.449612074143032,0.35040757597901956,0.5320502758279277,0.1446372757917868,0.4972291043402702,0.184274879271424,0.43245614952573513
8,0.4551150435617978,0.08385219421987306,0.2599569574095017,0.3445065054902395,0.2750098632144892,0.5383785965748007,0.06400896425007524,0.3645532724597868
8,0.12722847180618163,0.4768972989486741,0.4243588551499517,0.10049701250845394,0.2565485620716002,0.09206864126133735,0.45784832602119846,0.3807238855878187
8,0.5484992554227572,0.5030269896496731,0.15433685487646415,0.49867302493464144,0.37359726026989054,0.1312596009503148,0.12305563111799872,0.09455639945964728
8,0.3243658236548564,0.15388944828351342,0.2276960450004087,0.33848025643527474,0.18820085008654658,0.4289113247670507,0.352318028228994,0.46699265942151985
8,0.5445380652852949,0.3448383887156314,0.5226668864745783,0.20256125391524832,0.1444726187291085,0.34437355332969927,0.09356726975317403,0.40197233036755325
8,0.16416171710922528,0.3472204803707489,0.4617934049021087,0.38914893924019694,0.08174432048444608,0.4617089053727141,0.5037354722438847,0.23777697270332315
8,0.4901124986861232,0.2409684016835441,0.07956340935610456,0.40478937673076903,0.1697470663774749,0.10616355047542098,0.2820679679530664,0.06183204944061166
8,0.16993239972929214,0.1317204617276601,0.3243550493622291,0.541852851510042,0.09511795025149833,0.45584843294233085,0.4207406226792935,0.28427425610667295
8,0.27897255868203724,0.30921273183433323,0.1590645712175484,0.4656443867602999,0.4933554140865159,0.41793644976003114,0.4216161381267584,0.4230909606717839
8,0.2709133352667245,0.17647130355654667,0.06674446053035715,0.18029546407335512,0.24594069507124644,0.29904385162351793,0.06707197516747604,0.28161949081511956
8,0.4831474117285806,0.47837578515416085,0.08518515942249988,0.12355450237070303,0.169660629527221,0.07135434612650343,0.5215877652138619,0.37044182820518384
8,0.21871598813951126,0.38693723355061366,0.10718966901757682,0.11090200999075844,0.49545332917882706,0.25352250787882663,0.13943007785325529,0.4122837739468536
8,0.2184118856532133,0.08038268427503509,0.2838002650371702,0.18973279939350335,0.07191408899865775,0.491101207949522,0.057372657211930245,0.2943397089640099
8,0.16630334659142126,0.45976777768452975,0.33994181702667897,0.44076381846192497,0.18686573812491508,0.11718874368531856,0.42539621271465516,0.184815407968629
8,0.3702395363697724,0.508847257644854,0.08058231155377876,0.5400728463323212,0.07470552377012879,0.30552982040791304,0.5301718428727678,0.41381806113895453
8,0.07991678072654135,0.38832415508243384,0.2276919857031206,0.2934510150303233,0.4285064480546232,0.4123673701182828,0.3583280839220115,0.21556654992574914
8,0.1919192583886607,0.19119536837861412,0.21578040776797996,0.1575493471386505,0.26591335895086704,0.5148441676012625,0.10267792720446439,0.11064800899998367
8,0.10956284867290084,0.33756167111458585,0.5282031367908595,0.260434935971345,0.14822493645975826,0.2887924487985272,0.3589170253461272,0.1734327734523356
8,0.33181568137144696,0.43717458600732223,0.16201127305601054,0.37924844540473285,0.27670870869213876,0.49064657991283395,0.4377439104268324,0.52054681432039
8,0.5203649925620377,0.4643131001412529,0.5395691969050433,0.07098151520754142,0.39904558981491217,0.44851907196830515,0.11020743870268263,0.42394847104234584
8,0.25922194397961223,0.16438831604578158,0.3707896936731931,0.2232773034083117,0.3672731690620283,0.10388652291799455,0.4949145223307804,0.3448374447643103
8,0.37027113062613776,0.4018044224731429,0.5444246185578885,0.12182758269313049,0.24564957277110305,0.08764528582897396,0.08714748926240484,0.09320440286878168
8,0.2800609379606038,0.22451588293605723,0.19110918851879716,0.22619451194159707,0.3559420936361,0.5316409557045241,0.15124522442753957,0.5438163092407191
6,0.5189784014503855,0.06370777980178194,0.13015866781310542,0.16199088739039297,0.3264257415577602,0.40603235478182403
6,0.4499248726151976,0.5088993888408342,0.3584938778483879,0.27041262859861265,0.1157055208757492,0.20274426591830702
6,0.07243584887970583,0.07394709674298733,0.5416901440908763,0.5062074407861465,0.3934269199007437,0.13035890740590045
6,0.28405431349781246,0.43085202217529045,0.42278600797179494,0.46136038158768217,0.4858288272186135,0.2543710699327086
5,0.2283889045912712,0.2802969338114037,0.1861782871722188,0.31399907356736206,0.19891833643743467
4,0.18689422235811443,0.32148770003038435,0.2417695127615282,0.36861054472783256
4,0.3629376915066353,0.09159178432078102,0.4568985000467349,0.10925209618506132
4,0.39695495531850084,0.06408934150822482,0.17543734116409332,0.07028344325315355
4,0.39149635201735405,0.2678673956769952,0.3941554900907254,0.1531396708353327
4,0.3265493280664828,0.30092805577919307,0.4580198432037778,0.5256413049943778
4,0.4142935275807749,0.5424765566680005,0.05937870755567293,0.4639553509596553
4,0.22755547866915143,0.09438592646039584,0.059477294321941876,0.2601661362925894
4,0.14610448520288216,0.4343054530451666,0.41929810410901586,0.2824644046670434
4,0.07400928598201145,0.11727704051778104,0.17312464315492243,0.1452359471979175
4,0.46547411137859046,0.21018403594356744,0.1215337203627081,0.23524620832143645
4,0.17921921937577717,0.5402248605766891,0.29930383814010436,0.4880326553344882
4,0.14060475058893201,0.2980460578013074,0.16351271112658156,0.139515971672663
4,0.11578891193141111,0.3694851834335861,0.374502718058545,0.25158904256878906
3,0.25689610426064285,0.28194427810021744,0.20788769206724628
3,0.4130086569350013,0.23501711577210532,0.08391124967004299
3,0.43910795333620106,0.4503084345880209,0.18543696294145767
3,0.48350426351051373,0.31310598511042426,0.3277788189045446
2,0.4592201945401459,0.14351161491730619
2,0.0609425996356498,0.07751172399458545
2,0.47153366799240787,0.05862445583089332
2,0.16818487559923084,0.38472386981424805
2,0.4545122322207941,0.20177250543322395
2,0.39460515295272364,0.07022932886493288
3,0.23479321534065584,0.5135054861003931,0.1264377168548934
3,0.2912859038838775,0.43939820079796127,0.2575196701999702
3,0.5467106013029506,0.41219867618744094,0.2798504334918997
4,0.10919186131939934,0.42573314523708367,0.4153793048948304,0.05647043069822394
4,0.26783828299183826,0.36781629159422485,0.24361682576839666,0.2967837424412128
3,0.12696539713363636,0.320650651473438,0.4806433613511915
3,0.27392712729811214,0.21608540768226953,0.20982037157512462
3,0.23538902927543542,0.07820814402332926,0.1621667966632397
2,0.3050865548132064,0.501893662272098
2,0.34282189041635674,0.0564222658707359
2,0.276837303543824,0.4316480970251431
2,0.3541057026111903,0.26996816888470826
2,0.410228097419895,0.32356977409443294
2,0.28513663542378026,0.1203212410181635
2,0.11565745902894115,0.14386659582847267
2,0.3788264955414434,0.20054928184782755
2,0.1922954093517692,0.0568763652226702
2,0.10745947992366517,0.17528532341585884
2,0.4686092154922881,0.20667734974078572
2,0.12865883206048218,0.46667952888672143
2,0.32543660557274295,0.42690731190644976
2,0.10971204659020878,0.4088029413505358
3,0.534391137841089,0.42430022825580666,0.17443285408443215
3,0.4462851031465013,0.33864069756779464,0.4437719223482998
3,0.10396019512926707,0.4457959317155393,0.2528823140013707
3,0.3973374170812444,0.1391347450297365,0.43528636886636257
3,0.09689762055445078,0.14105708312190984,0.310935439181461
2,0.4911241725994156,0.31178159987635173
2,0.5200616967267422,0.2943059793297271
2,0.3794623456852247,0.06459968528502696
2,0.17416524483674428,0.39224065007851344
1,0.4379997567217771
1,0.5255851619212781
1,0.49595395762702127
1,0.23473074957815615
1,0.2475390377346794
1,0.21693871303895634
1,0.4987244623602847
1,0.07561424539043543
1,0.16323220860144944
1,0.5467878965568702
0,
0,
0,
0,
0,
0,
0,
0,
0,
0,
0,
0,
0,
0,
0,
0,
0,
0,
0,
0,
0,
0,
0,
0,
0,
0,
0,
0,
0,
0,
0,
0,
0,
0,
0,
0,
0,
0,
0,
0,
0,
0,
0,
0,
0,
0,
0,
0,
0,
0,
0,
0,
0,
0,
7,0.051568281757066015,0.37526465782345436,0.4808433686974564,0.20924455818078708,0.4098995484637297,0.13557855382838196,0.14537881345851056
7,0.25813804989860406,0.23545996047365597,0.09686167810730445,0.4760508669752935,0.33334784040806315,0.32714928497402324,0.39730999726003075
7,0.4965778062774558,0.5448474740015501,0.24110216227107456,0.12887792281597127,0.2916391308826645,0.3833374418584719,0.28491181790596415
7,0.07804953479518756,0.3966270636555504,0.5448397972380044,0.18605630939378154,0.42346672507886945,0.5174759579626294,0.2055699973749145
7,0.29540118528022546,0.4000257961043813,0.05246281721860563,0.42122584931259394,0.5322353062274512,0.3624946877662691,0.39337215114300067
8,0.3433152916703303,0.43783028630205184,0.06018291394991243,0.1456120521196868,0.46787348200843354,0.1856639735193864,0.2955664089410715,0.5023892511204995
8,0.39522135791298335,0.2317928791388058,0.20290492770343055,0.33491562205137254,0.4310561013587701,0.334502418607367,0.3827832665788748,0.2041491422387845
8,0.13838322719005242,0.21055043787963584,0.3457479486443959,0.14835357838677637,0.19230438501636854,0.12131119559923836,0.09609106417727037,0.21802956000484935
8,0.2331165675202957,0.42700299213121246,0.16362699106615736,0.3855610393678394,0.08729038922659688,0.07999841241767086,0.2695724496100063,0.09541065123312381
8,0.08766584419912299,0.3002335575541914,0.1666663813188814,0.15330711178731965,0.26292965739011404,0.12534109198005333,0.09726702466037512,0.3789975102079938
8,0.48896366432658095,0.450065543582792,0.5174708515945026,0.10507205264915659,0.1415627659892959,0.5036331664008755,0.12215674072108623,0.27080133268131484
8,0.398502067004414,0.2569561924593276,0.3687671353677798,0.392714773273616,0.4788867334032924,0.17454784396013284,0.31635897448284794,0.45767080169310576
8,0.205215901737636,0.37994764469643444,0.41647618121815716,0.4291851107271711,0.5010700779489208,0.2760956022200645,0.10306649657364247,0.09015992983926852
9,0.47983183008001756,0.0805316698862088,0.3803038554711737,0.06811751351962464,0.5014202281484137,0.1550751953027853,0.2404521398893546,0.2309859505607597,0.5463839882818329
9,0.08331569132394495,0.09367854907192946,0.3291582915978412,0.18909172028068805,0.42113548378235416,0.055158347913152384,0.31054790445941,0.2940888073544174,0.053594905520397196
9,0.06276333834231168,0.18698919665880248,0.1899417409472947,0.5103568027468821,0.40413584628731364,0.1418207632110337,0.20811673262570135,0.15892315086931336,0.4980336112076576
9,0.43983754958105886,0.47169387153884396,0.4853619548575137,0.32324605448838556,0.18278031532819744,0.29890970764536956,0.30153560938935925,0.33897279879033987,0.17650920995115377
9,0.2828344534941392,0.3286513091765115,0.5432357235565042,0.07975471881750357,0.3299006214103935,0.25744509819463196,0.5356630984390911,0.22299820338729864,0.4618087310695867
9,0.14558851647865173,0.14009150839521217,0.4771120856797107,0.06519379850924573,0.15148151356457623,0.05297518144053143,0.22953770521168065,0.26422189729460505,0.22441249282259274
9,0.1978056900586565,0.4248094764998534,0.43337853464074144,0.16883385100698706,0.2894696540617438,0.07436468527501855,0.07896728360519473,0.4472951545969152,0.309487354552534
10,0.08785076088164762,0.21599694470330227,0.49573107387999577,0.42709527553496435,0.3088721091421282,0.43641541073574425,0.05410283762215479,0.056073508205835065,0.0817411398282471,0.48448309443693033
10,0.0946043546701722,0.368591926039273,0.5142590494572032,0.511441004455945,0.5054279962506236,0.5045069031809928,0.23352256030243962,0.25966743382367247,0.42878847915073076,0.5079581521404468
11,0.5448600213005086,0.232515958160672,0.39222774427351,0.19261958133981355,0.5199145017685665,0.4101918151580702,0.38334311854043385,0.4144447968527883,0.10529788434523663,0.491743472345649,0.2885720917398629
11,0.09520022191788174,0.26827519776808045,0.3070060864965974,0.29932469293677616,0.42818644995051275,0.34448179566091647,0.12530790473804693,0.21478124068135712,0.4194627183679825,0.41529356786648547,0.27065102301499194
12,0.2144079567699982,0.05941927187467505,0.2631698371175509,0.4876213145008204,0.4444087496032348,0.061080224798818084,0.2826595702075216,0.052742334799849744,0.14127349763854408,0.2637333002575419,0.12365969989683517,0.11350635694616246
13,0.2860894628611574,0.2508143425768066,0.34160720605949574,0.08699196343142906,0.1531960851037571,0.35746500138822507,0.3716351587139077,0.23601255686728245,0.2889987488993782,0.4815728201934702,0.4891985059362289,0.29751850028039845,0.19045771751143276
12,0.29001296030603735,0.5402724491140183,0.4587986812462384,0.25491274021856075,0.43987122912983095,0.36723178861557076,0.177456557779127,0.27426545975389155,0.47042488843014013,0.35430889618981115,0.308999409780273,0.28875167489772297
12,0.48664229876270565,0.2824875480741676,0.3723699976515252,0.29035343367691097,0.540275131178295,0.15709151254751136,0.2161478124285952,0.5450664170397681,0.403228052350422,0.4983663719881602,0.40056419355043055,0.15852819325223994
12,0.4018966410295756,0.2457493832793008,0.2937141794641704,0.2603964611421778,0.25749136311921034,0.08910400722755424,0.19122888774996588,0.12028482043842886,0.0885244365537618,0.05590460280379189,0.12625712714300225,0.12706674920807076
12,0.07094921927967263,0.45188877813421596,0.35773018986711164,0.06308610873131776,0.5185672760070565,0.1638495165983062,0.07247047155317238,0.26705862369826,0.3743771906917394,0.4976376843519364,0.2791440457704905,0.2863245268729108
12,0.5325966020720305,0.40426482020889215,0.07759775158900689,0.29974981107539617,0.14141700920203965,0.3124289187676998,0.1236954936383085,0.1452300604795536,0.24952807807487914,0.5318210269706443,0.05063922632712975,0.13245342280865452
12,0.14508346072824424,0.4305274770081788,0.2479317806785229,0.42640373128680004,0.12307623909199977,0.2359414092899464,0.2699625150829719,0.3540376785393609,0.09666559540397951,0.21594218060662446,0.2391686604049747,0.45268116960288113
13,0.19576644637276647,0.14325354566404808,0.39512601250871743,0.06380761760619841,0.4634197796108183,0.32485135803654325,0.2657846172418132,0.5294037544014121,0.34884130358329496,0.1479626877476466,0.057091506872726294,0.16885133283496595,0.49590033528976935
12,0.5226585750519499,0.2923813700174856,0.09055689421307439,0.2643834981882119,0.4961062686527035,0.12106780982634607,0.376232825121189,0.49719059374980007,0.31834346925917817,0.187949806501797,0.3307026367167279,0.359161444522548
11,0.19567658818638672,0.3363572697575465,0.5044834313487712,0.10398901844974989,0.3336414756052725,0.25927775571435957,0.2859966126658395,0.47988432403833975,0.42510660090978186,0.46363529051137625,0.14837608134582864
10,0.2197613684009952,0.48188171037576905,0.2639547748127035,0.3656201886500136,0.08568780300856577,0.22442214221806495,0.3114106146474504,0.36889437415033527,0.5086221681469085,0.197454425557329
11,0.484408483129209,0.06168388869432423,0.3206770687858442,0.2589892492818951,0.3242108345853187,0.05752604579562254,0.16257450114616895,0.09781375668742526,0.4013924303766983,0.3900684801472341,0.12177882875634233
12,0.19797429906641067,0.37047647447642823,0.10601131736642161,0.4860172252064527,0.15524362357970384,0.09015633723155775,0.09153290672904862,0.3425643366670538,0.10037617460317755,0.14607418546230416,0.36199038594094296,0.46352940349992117
13,0.37840690445114805,0.4336252261029598,0.31821586903103277,0.26600121070522015,0.13699609215900826,0.48697091408835563,0.07358727969734663,0.20156123976345658,0.40864904350118786,0.2703212622080385,0.1269322758578894,0.2529216938308318,0.24652723508999724
14,0.37205584525051466,0.1337831704793498,0.11539011566545015,0.1039629024020316,0.3478107484754019,0.35158611778137633,0.47058616885386156,0.2563974439264592,0.541426148792121,0.4311141265432635,0.38051479984164654,0.5359916403765792,0.19586576805773764,0.3868347148580609
14,0.30420442451451774,0.3141120019587356,0.3475317639878586,0.10808169182245803,0.3542814145781023,0.3264243314569289,0.5337542257369103,0.5343373450938629,0.06375347861701658,0.3987464848416033,0.19283888958004253,0.24835843161040166,0.5077501286330985,0.10978595704799826
14,0.3404273772591629,0.2310882252506718,0.4788089354436184,0.08234726399254727,0.45316656551705553,0.05012235285218841,0.1915615193235452,0.5260766564930186,0.21606350059489038,0.13157069637014857,0.4256905875301205,0.3659492319003001,0.10720498050242283,0.3209660761886513
13,0.21048287142836658,0.31411008852858574,0.34476300551833733,0.36618502528053115,0.24943214491864202,0.303028396277023,0.14592475889396067,0.4651800068232877,0.37815865935655985,0.17896038042072965,0.32016521669822123,0.17977888290634797,0.0602044949521065
15,0.4639073419464164,0.5449701035515955,0.2526295689542721,0.5109611867162738,0.13518806536254518,0.4884735196808096,0.39755651033055933,0.19597101242205978,0.3407974734550396,0.1399115732397887,0.5016582923542878,0.07489681568542822,0.5312980911005056,0.24976543555315261,0.3970618370308589
16,0.12592821719218655,0.4586285559856192,0.45872902695096,0.4755877283510374,0.32846671646095954,0.07193624216186051,0.13170381649274326,0.21568813751858967,0.10094031029183409,0.2648154117455985,0.23682765061533978,0.44859780926911946,0.0625633379377622,0.32006720665676464,0.5065693206950563,0.3339457976705648
15,0.4288542544305059,0.22028349731410407,0.17276654444484324,0.4537509525671745,0.3406289864518384,0.19771411697118463,0.44363051038134377,0.23582756006230993,0.06793758799683752,0.46004520584288605,0.3914090594398045,0.3231992511252522,0.5049664457139174,0.4577085202243117,0.3806720650056386
15,0.1407119658781824,0.30601546319968437,0.08652169205009069,0.4079000587316464,0.38978108562675534,0.10933539815470844,0.07396728236648359,0.2575807991019246,0.2657477922267934,0.2332571747340399,0.43619289382832666,0.09100824500445187,0.37351337688002456,0.13427951514860187,0.3117287647025751
16,0.17798550539793395,0.3218105942193534,0.2123517340566296,0.5368552618121243,0.05710167460390897,0.35908157289098813,0.10470371411246121,0.21544655466343737,0.3282066091117743,0.5298075509581646,0.08633850367222168,0.06787612079447031,0.22916892188411447,0.09894870354901292,0.29643292570078644,0.42869122603076065
16,0.5079397226419573,0.07155878872604365,0.14735325017654016,0.49349019506854513,0.36870471904374663,0.449182577960811,0.23021339158554216,0.2501363780867007,0.415973819020423,0.09569222061601029,0.46391908734482895,0.2086468152192616,0.4909745090114293,0.14356905377743773,0.33251563623792485,0.23912990413406637
16,0.15261268352343776,0.09744354091634272,0.3269454858974969,0.5109593185906138,0.1307597315658489,0.16031409310111128,0.3716408559418071,0.10396280535847807,0.24967313433055743,0.15757281664874417,0.3201338797083512,0.21607941794039648,0.09023214621517989,0.1658379441719165,0.4754346864279538,0.30880242547619946
16,0.26129889226056774,0.46492102925675544,0.1226335508074336,0.2755257680450956,0.3807333513136825,0.09500470354763085,0.07664316359063444,0.33750577096194084,0.1908387397998656,0.08712495661562131,0.0999625284387497,0.4803921462669541,0.23278527504383378,0.518367178800113,0.20804197298323485,0.10558628262101383
16,0.48663837279322325,0.47385486344799127,0.35967879197408054,0.13838307490080232,0.1132868017302931,0.2494413917603701,0.25249251363869823,0.4034367156103465,0.23913678930061294,0.08989470744804678,0.5257654039740953,0.13510097617063038,0.4584750087842318,0.38469524078748846,0.36749139838712935,0.21567154656374693
15,0.4873500550512035,0.4688383378315581,0.24355398545625212,0.17301280266933566,0.4113672422387377,0.4737781540542911,0.3464823794674217,0.10171936573242107,0.051479406463549704,0.0871003236339622,0.08438511274763655,0.4397253180722152,0.5410642379725781,0.16753187827391253,0.19637572083350624
15,0.4185952519061889,0.4856171987520023,0.1701743873103932,0.11904307439616596,0.41870103290612565,0.2528827073791888,0.09601021567515905,0.2589177153220567,0.32507122672535665,0.2669298467968783,0.4186936051213413,0.46922748954525556,0.06454931784989931,0.12993420915917714,0.3503935347225729
15,0.08708819783863592,0.05084148453113685,0.24480842049549217,0.4256997295107848,0.24834362428865625,0.16316664922713625,0.20300087022511376,0.44666292129100876,0.08701435193880297,0.5251161121527321,0.49777852133407,0.5388349503323615,0.5414873069662125,0.4304282411859381,0.1805290100723808
14,0.2686871197729192,0.26920879801301484,0.5268916175621081,0.4340930360867821,0.2974086607363157,0.4749138537884929,0.5316919515331282,0.06681573412576897,0.1726320278250803,0.34684907362631395,0.3208964755232559,0.5403438488670045,0.1292495663725735,0.5319341512736611
13,0.35004317231475507,0.48779361879959765,0.3276565453462747,0.19940102110034325,0.28809032598579415,0.13280881335002487,0.307247885830133,0.3084262712442431,0.39761325944639964,0.32955653511172295,0.5061331725287517,0.4067564291860362,0.29623227265435076
12,0.3663582557714619,0.10010254962099158,0.435782444566914,0.42647938123672585,0.47918144916071664,0.4420024832571878,0.32473861469018045,0.2754215789211601,0.057267755713111546,0.262859584799682,0.4370444360251951,0.4007889977034966
12,0.40610499984983467,0.535455453367427,0.270617233216836,0.3278818544368341,0.12311317774440284,0.4780292445816133,0.287253428135076,0.08588179781126798,0.2750223028296462,0.10591781791548366,0.06140333515316848,0.4953035426933557
12,0.21483529457844847,0.43302245036180537,0.1003002648351266,0.09604471248082441,0.4617311206085913,0.4822530572040155,0.4363597629686164,0.2985725417408133,0.07615878776204749,0.2875697560220624,0.2607558816205751,0.3750523438471813
12,0.4289521893851069,0.2761260630734606,0.36728692417054526,0.3266016125933983,0.4316052819962897,0.34042401788280324,0.05584248454779556,0.5055359277908325,0.18199497375601098,0.053131968753148795,0.051649831271625646,0.42637943482519475
12,0.3607445006560202,0.2724965042481699,0.2272012414938422,0.2914242427646346,0.4985674170774597,0.19885565243271314,0.07596918297204686,0.5185583516601078,0.32698769852550774,0.37682741339583664,0.07240240529965897,0.09756415725408779
12,0.38248577939272516,0.24457813535391376,0.22056322818022595,0.5174092236430199,0.2613778665387247,0.5081375537881117,0.17155238274424672,0.13715484856550447,0.4002314595171554,0.25961703487595983,0.09699027233941954,0.3258250947075317
12,0.5365868971005998,0.46923690706395377,0.31326658865452434,0.4041709386812921,0.4739513114817326,0.3428934397251097,0.17413585298428397,0.29015840128592557,0.38124441630116807,0.17172470777373378,0.2936721081079185,0.34952486967123747
12,0.18106712750700132,0.22392557562705856,0.3252779802724504,0.31789981127609407,0.39534682011792593,0.4774443398971688,0.20114458587001877,0.36615617403003803,0.4494280465313231,0.4079164016321732,0.428088925185433,0.3348355915769891
12,0.35609671878579635,0.23461117607084053,0.46540172087374315,0.09953073657758388,0.05551519364812668,0.34134154089371277,0.3207642321529101,0.16749298075339675,0.12767333032937028,0.2921423834714964,0.49291198908524153,0.31871383810290316
12,0.418190927894827,0.3362412625373075,0.4012265337728365,0.13043437196655944,0.20880057067091834,0.24528838589763297,0.4907530095124308,0.3897772414363791,0.2912798754207719,0.45222026670004506,0.2670077719067598,0.06729148095908172
12,0.23795149740878957,0.37239463932863454,0.11789980709655973,0.26329855482241044,0.4137503982940754,0.4812730517551777,0.39842739158953006,0.3152587284793528,0.3277550871701938,0.4114583012251007,0.13456828617807054,0.21840191823880822
13,0.13589738777825117,0.5076314295290645,0.4309921233730834,0.41256948987629766,0.2944831637030218,0.5461335793227764,0.18433506882277756,0.08464764703058797,0.3819711289904624,0.27629126698644774,0.3059305817497951,0.16006915479178924,0.4949853373781656
13,0.4212618005300403,0.3287384783471981,0.4420042463720531,0.2008014791251806,0.16645233832840328,0.07328613697104097,0.5018576215255779,0.277329426041002,0.2621166364038848,0.35639121654257816,0.3689058236118385,0.4566157618895797,0.4214110158162668
12,0.0553371808672512,0.47216871300034896,0.48184973745823273,0.4220923278580773,0.34127099698235547,0.5288411298872726,0.19757258739105715,0.08692061000250478,0.38433479298831125,0.23506567578373844,0.23802892740658016,0.32851445434912324
11,0.3430896645369757,0.4094311838151891,0.4703148364477802,0.22716502494876117,0.2102679017996894,0.0816099825510091,0.30081700209030143,0.34881741963010965,0.05818441557325377,0.47575500903328766,0.21547718684888634
11,0.35630001778463055,0.40067234613199904,0.3733365259600841,0.05897783320400779,0.48438873423598044,0.31923593751727347,0.2807535514943111,0.5480945832783561,0.05933814812859434,0.21813740497519635,0.3276949758504997
10,0.1851767626349224,0.08443446703285779,0.19340936650729074,0.2663975148705467,0.1995737219111698,0.12809727609188976,0.43617247921138597,0.3986073186395848,0.11604553718528504,0.2943539400231306
10,0.5113335370436125,0.14034589997756847,0.3967227231909655,0.15365788250707763,0.1715357079216488,0.424533804554674,0.439921330222596,0.30977964024703103,0.4743197385115659,0.07264683561201685
9,0.4337265685925256,0.15469855081221257,0.40735780046377884,0.1284018190611343,0.43867553139439736,0.11600870526150214,0.5174586649972863,0.41756709274673504,0.18273128652567167
9,0.23313983134189703,0.2426591989976869,0.29390997514419887,0.5258128957081276,0.37732689708420825,0.41836585250635056,0.17975162939199024,0.05487639462212607,0.06007307009325663
9,0.2703045323447721,0.17528301158827714,0.20241289853885408,0.28789603461957963,0.3867809035158268,0.3198481498521651,0.49671233554586475,0.2658321102844597,0.21612963948266645
9,0.43330741046816973,0.5408212896993505,0.5294197466164503,0.3590840461134552,0.26182367242164234,0.40514740934408516,0.34976135518724766,0.19724107038999122,0.44959877005516075
9,0.3095161906259128,0.49214616080704227,0.21802165613327046,0.49974378169947303,0.1457042709677034,0.3516192151642517,0.443756433803236,0.1674099605922446,0.511712852039274
9,0.46718622787695413,0.5376663620583384,0.0811459170021393,0.379603840739643,0.4235368427517368,0.30578868408220267,0.5176630586509983,0.2829819960025917,0.5179405033313631
8,0.07060949917210041,0.5265769839564249,0.17563508389165144,0.38166125831455294,0.5056117357414227,0.25220552931492873,0.2985514468548411,0.4769700920306981
8,0.05529887188906807,0.4063037596995949,0.4032331238601074,0.17079923381805745,0.2510592255095457,0.3215345168178127,0.40459673298371607,0.051060104406991436
8,0.2456546005988452,0.43098101485438817,0.21549030770772132,0.44716950294977925,0.24560495474364868,0.3125065841992795,0.35378662914566533,0.16064707777406567
8,0.14061561899649705,0.26654923047975104,0.11618852148385633,0.07691332139041968,0.05108012029363368,0.1487886400883452,0.4816435720818452,0.2781050193050622
8,0.323966630153065,0.3349069642303903,0.5355306697635294,0.3726760607948007,0.1619224439242773,0.2436927454999273,0.09216440464468761,0.525332952735335
7,0.36195336016713525,0.46738896075453823,0.5359716605717015,0.43869413642873406,0.11652857448536996,0.0941698982553249,0.4891291338053985
8,0.3378487802015518,0.34743182789410226,0.5497908109262466,0.408637991085487,0.3862297564181841,0.2115983437298456,0.3851260789192014,0.16748230100148226
8,0.457800963055264,0.3063961431894992,0.5206201734512796,0.3305577246674169,0.3944954827982075,0.5213667763942609,0.08221920552360312,0.5148661029298802
8,0.16302402625772278,0.32956313348496985,0.47280347268457085,0.42095556645787885,0.07802858953395936,0.30498584488532193,0.3717785180582435,0.2992922989543821
7,0.3335136942277434,0.15780438595954455,0.3549584261494683,0.11184413650208186,0.3302420274631334,0.2737973710783928,0.16562920659899022
7,0.23784967769313242,0.5107271966258946,0.49315944263705097,0.07609449645759586,0.3664365965087449,0.15420411940988282,0.1834657856095105
8,0.2230792830695128,0.32066403126130366,0.10635017767139249,0.0997885693755442,0.12178434627373064,0.528615535218629,0.08413729423134048,0.2793418284491707
8,0.08509544164128463,0.30394375877206686,0.5065088684897685,0.31489011108154447,0.4382054111126799,0.17202935625773702,0.19236319510147287,0.24669315191926927
8,0.3942105122949498,0.37674170480725383,0.11642237492427326,0.5438322535685172,0.2922477785180155,0.05063801904031501,0.12940456742484913,0.2889514330060153
8,0.4664842570370256,0.44400612409555024,0.18208831943817788,0.05946885154648235,0.09483923301119984,0.29218891611823233,0.0660548617199535,0.5121630658197542
8,0.4165143604717115,0.20465658740996223,0.34987867489857244,0.34217634590516094,0.2626704186792565,0.4550419188380224,0.40935219669663087,0.37187318121728846
8,0.17838511209759084,0.36014006221126366,0.45694279445157887,0.3779435667473851,0.42310605312625554,0.4968625878175526,0.24468610127251328,0.1675425133497251
7,0.38005378044618826,0.21705984500436454,0.05369016450480929,0.0781446411769478,0.49233627009080755,0.3030433936845957,0.11575552116376625
7,0.0517847886402058,0.35109016014459743,0.3921049953378026,0.38693630960824404,0.10796442754427843,0.19970154411888802,0.17318931685147337
7,0.32820969569320585,0.13586369793170833,0.11069081754262317,0.265872547041299,0.5271254498201352,0.08306091185498171,0.05757762392435167
7,0.48733388028605423,0.43431007472662214,0.37838405455293705,0.22816144610840233,0.46125833698665414,0.06896062253085683,0.24573192942640915
6,0.13994205359643658,0.37701962842213194,0.12479797117811803,0.2648091148949216,0.32493452312289645,0.37689688639514213
6,0.47655346320096775,0.1190662936251296,0.3611896757037613,0.28182784517756204,0.1867932285207194,0.3352249153336438
6,0.2448213786895586,0.48165000139259156,0.496339578700203,0.3582850451821456,0.4172420122103158,0.22458649561740424
6,0.34121576829517325,0.14636921657154495,0.09552751656004527,0.4104287501674912,0.3513458931966594,0.30210640409910056
6,0.5436311026639635,0.21046049138253692,0.26875522829042914,0.4274459873986552,0.08431298004236903,0.3927987280814767
6,0.4962597251318866,0.2148448346948048,0.15890785629985432,0.059913124517025296,0.5161473808374359,0.4311877558593082
6,0.18139219527403466,0.4254409035515681,0.05922754387800461,0.41644566368887964,0.4312991300530103,0.3671002545489536
5,0.3254257374508706,0.47197245044054964,0.4978669407771919,0.10890310738507397,0.258838641759324
4,0.21058590878559297,0.14581768600745487,0.5107606730242855,0.3579673314305258
3,0.1804020166395966,0.2324508662862383,0.41263219789666855
3,0.40106365918743886,0.34568766783060606,0.31205336501452435
3,0.4737841309614618,0.5295888380722433,0.16853997811585048
3,0.4052175480053943,0.3951222640610634,0.2035088161708321
3,0.5103946438499813,0.5077962793566242,0.34494130189715605
3,0.2831326989165324,0.23850081968032882,0.3670638699591339
3,0.31806827618157313,0.48333494829651075,0.4860272656758859
3,0.20253279635052085,0.1725850873525973,0.5487071150770273
3,0.40068578480171474,0.49254329109839573,0.19825272504754393
3,0.4167089789468648,0.27273173825741986,0.4143180724487882
3,0.4854734308339846,0.40881828523684066,0.48064384761999396
3,0.37365301388226363,0.46408179816030687,0.3787661366964959
3,0.20549661079947085,0.23715066589213613,0.19749745120438472
3,0.3758203529579372,0.34355151967688485,0.21971164770471113
3,0.3330256154496108,0.32385898477232816,0.08720506249194188
3,0.4436314732870848,0.1421761382984808,0.16526768449460066
3,0.12652370042917765,0.4930604335662087,0.2957430576201597
3,0.08724747001525773,0.1553059118148103,0.2787234881336336
2,0.5211733750003003,0.15556749376208306
2,0.46742887939846295,0.5110475456417214
2,0.494188503560305,0.36601063775952986
2,0.5088533827938795,0.4896004474117684
2,0.08536971608878158,0.07731645956623773
2,0.4852652174399508,0.3260440380092598
2,0.15053423756836698,0.4911456930002394
2,0.16448625158330205,0.44082597501110016
2,0.07114771305794793,0.10997963287681806
2,0.08655905193311758,0.3999011916019409
2,0.5396574835776293,0.46968208740830636
3,0.32355599506591176,0.48254098394176653,0.3063990346999251
3,0.08701774859945627,0.15489626634066883,0.28469555005291364
3,0.11786201034449967,0.33545524946287847,0.24591764823138668
3,0.08924679800061203,0.5067975951663004,0.18018638829628947
3,0.056149851675902196,0.17568432110741067,0.45323808743386845
3,0.38240185137884536,0.4991209039250422,0.5488705149484545
3,0.22507958503930942,0.13376660637374388,0.1480476074135359
3,0.3102783015815907,0.25453363487760555,0.1816369489521456
3,0.14140738744860276,0.07944970802184265,0.4710004350476971
3,0.13750912487788652,0.5288879743393227,0.5040463177880363
3,0.3210678389788654,0.3374165197757097,0.5247003257751759
3,0.42090480489850585,0.48516525985604925,0.45297102641220693
3,0.2046285268013956,0.18899690786996465,0.2785274268209414
3,0.48278650047747335,0.4188398658906311,0.26270305564804936
3,0.511448408902099,0.30855833214399914,0.4798021288963113
3,0.18163413731711225,0.34706560763919675,0.5046137718396135
2,0.1882150985271847,0.24055450729368583
2,0.34328642393688663,0.1574423720216987
2,0.30157832001674195,0.10490344572542626
2,0.3612483363156446,0.5122679479322751
1,0.25789584059659726
1,0.285411887555804
1,0.1649431177775345
1,0.2329978349069723
1,0.2475612047400894
1,0.15177189020950027
1,0.5433372491239559
1,0.10833875217228611
0,
0,
0,
0,
0,
0,
0,
0,
0,
0,
0,
0,
0,
0,
0,
0,
0,
0,
0,
0,
0,
0,
0,
0,
0,
0,
0,
0,
0,
0,
0,
0,
