3,0.39259817500751687,0.6273186657605282,0.22293582305370557
3,0.3770375829266825,0.2470869711619569,0.4030224626948609
3,0.46981945976783934,0.1832890629071477,0.4183919757929218
3,0.3873205254328801,0.09944834052090505,0.722744577108828
3,0.46679356109888986,0.2543406471000918,0.5742819954335833
3,0.398653109919503,0.0824405772652974,0.3476490260957217
3,0.30961553090362226,0.3108465185640243,0.45141731197324886
3,0.30831135554490235,0.2834740878790004,0.3427427467740299
3,0.2980009927456462,0.06669084670992627,0.7164523913732768
4,0.5902591334839163,0.36740165643221057,0.3730046453360361,0.7524156817965477
4,0.42722203948125015,0.18374301135409804,0.5763597393708807,0.5651429984390633
4,0.17904252059051778,0.17022314235917219,0.7118554323108225,0.46415872735813385
4,0.32561334686735516,0.25431004124976725,0.26532785130791786,0.2994818976833948
4,0.5701620770600515,0.3733773922940598,0.3539306918157616,0.07840018027672907
4,0.06217790428996456,0.3789490721652929,0.5396522920122155,0.4914864637726228
4,0.35891271569817523,0.4704807691736999,0.25739379819621094,0.5482671417813632
4,0.2133778901533508,0.3757614005715291,0.30075594205220724,0.3111272447868058
4,0.14314541129148345,0.5611518552067717,0.44348158689800515,0.2637464174462843
4,0.2674698617040144,0.24174650600495,0.5053306750442745,0.0893316159206225
4,0.15173579522028174,0.4246606023768181,0.4434828660249995,0.20672481069345477
4,0.15354889753374928,0.3982607068305691,0.2045539917347802,0.2032568226302251
4,0.40898262025901194,0.5725399728851426,0.40278692314624637,0.4559956158280742
5,0.12271301352043679,0.09558496963288371,0.31481562563723703,0.2987093643787368,0.26629891054609317
5,0.2051840256922079,0.4089221707809685,0.18668122564817974,0.15813142121091123,0.41641298477188665
5,0.09474415187194068,0.17719585436206703,0.28543491253032155,0.21320517325070082,0.5093773047762933
5,0.3606302543057009,0.634565151960723,0.4158273727498783,0.22319366553161551,0.43952115986606205
5,0.18635069320560876,0.5414533675938964,0.5161757448587996,0.20612912300659297,0.4519847097119895
5,0.48214358477735847,0.5213114206466816,0.20165390634961206,0.5237624422860296,0.0557173431388564
5,0.24552655148652885,0.25828296233338516,0.31196694404679676,0.2662221790214094,0.18945929043497228
5,0.5211685775650607,0.4591038202807796,0.3938684140227779,0.3467234010750711,0.4630805168789522
5,0.11963978948507087,0.4694279858062564,0.2787305788101259,0.39425281489022695,0.11527895417199424
4,0.4023346414029277,0.5223996435386765,0.3377151053601209,0.43989522517003715
4,0.4585919219500732,0.27239665351924963,0.519410056807926,0.21057193613200048
4,0.16012271131329586,0.42873964764063954,0.22501344266791207,0.19621039184388706
4,0.4780817849033236,0.4113637923621006,0.31473604951869444,0.16112988855776528
4,0.3627970620166871,0.6122312409593682,0.2910507278633517,0.16617835674860065
4,0.452653812413956,0.4471943770921227,0.0838507370820552,0.5023683008597932
4,0.5204266029076681,0.46737520084956874,0.4990546331010883,0.2805946450993661
3,0.29078762481927495,0.2557099930366847,0.29300994230915806
3,0.4868243927128439,0.2034321522251063,0.1938356541756851
4,0.08703660412552477,0.3017234796317016,0.48100779416050227,0.32995532249985166
4,0.1399922831930434,0.5490509684031157,0.22464040313129574,0.4626059915475755
4,0.5307536474377983,0.07172953834607126,0.20392939687561848,0.308016425654068
4,0.2269852264709426,0.3678335519797375,0.14813121098342868,0.08201919790573747
4,0.05260749858495223,0.3106675875777673,0.24860329283421806,0.11194923756410774
5,0.464769706649151,0.4688574499523854,0.33403995696234795,0.3368528751678613,0.5133317091068963
5,0.43304668723723866,0.37586655380876516,0.4999940342190134,0.5180288641194088,0.1578566171167161
5,0.1295854607576366,0.0534905860348282,0.34729741395047625,0.2582390423212661,0.08112451073758636
4,0.28265608907377443,0.14008719214353577,0.1430312167620696,0.08615014642150282
4,0.058240520025365894,0.106280219912612,0.3020146868552292,0.29516077112543065
4,0.41214699029305574,0.39994510966007085,0.12468423452661376,0.42822464588280623
4,0.33529443784443086,0.2546601229413013,0.4959202987756384,0.524227757010155
4,0.12063409095519101,0.40266553914753106,0.17583116933685822,0.5181185932445387
4,0.4389517741398358,0.4563701267771492,0.14967627288748414,0.31470699495121107
4,0.06782970559893858,0.2281951215814068,0.4163706478703268,0.19859518851426566
4,0.38674868197625084,0.1398800175918264,0.38842283612947454,0.41958501219614636
4,0.44821129615420147,0.16922271450300946,0.4243712095693986,0.4937417753444236
4,0.45568356687872574,0.20714714542686602,0.22632242384014617,0.3067577427620299
4,0.3444694173455763,0.2872927979485846,0.1946750035745905,0.14059311466247354
4,0.3970048207756414,0.24473355392907897,0.3115243082795199,0.05641048468149895
4,0.11952195058676635,0.26929631418742833,0.4020198893471934,0.37995478581096415
4,0.3698373140024364,0.1950437456363639,0.44234447227001866,0.27541992108470265
4,0.4110825605362349,0.3841829536084645,0.05327044911991047,0.10384492635184445
3,0.20518861257209403,0.4505967571024743,0.5449676655348599
3,0.2038013842145126,0.1604518266024661,0.43444810856575505
3,0.14353862901162845,0.09177202669989154,0.15224744979995103
3,0.18168743733819487,0.3857050092721796,0.2665032794167402
3,0.3222995310584134,0.39868761434643135,0.2013513688429998
3,0.292359874889293,0.3238948358902832,0.3015275073072741
3,0.29638666005169473,0.47749223938438806,0.46194620953952464
3,0.29510812975770256,0.39813123880299345,0.15932995269787248
3,0.17909405778865656,0.20831715766934827,0.14664052620184426
3,0.5421027827434297,0.49632676136054016,0.17587409270331206
4,0.1154062127076752,0.2296893311404436,0.5011187163791333,0.3961198494109826
4,0.09227484800178049,0.1033559620165822,0.15944740417302755,0.4466221757863152
4,0.3315952571531246,0.2933395751813828,0.3006454041993671,0.5406528500390995
4,0.4901164743189303,0.5066524963553416,0.2306038995021536,0.09572722393452543
4,0.11622143731266682,0.2374251608066676,0.0763554186586865,0.35375613424790625
4,0.425245607091058,0.5278756192882634,0.17190612107977993,0.13905090576737128
4,0.4477348166367114,0.2777824909991688,0.48853129333745576,0.25620671662401157
4,0.4809235480543734,0.28412023696815897,0.26810667653244197,0.34565435600423516
4,0.10222467638860694,0.16325830760101762,0.5249392699431958,0.46052608247420096
5,0.3252668573956295,0.12438847424233418,0.45596494295991724,0.305870332846432,0.527127884535846
5,0.20807764313615035,0.16799402709475159,0.06496462253947116,0.15163128986043478,0.5115845996028616
5,0.15037868071257393,0.304601587867206,0.4564204345180642,0.3960024523101741,0.20195738598636975
5,0.11690043955733082,0.5397972125243764,0.5284978879645983,0.2181965438647308,0.5243828758132925
5,0.11898397853307369,0.07202991593535418,0.1127252328672122,0.14660692525828517,0.2372169939704108
5,0.3030409090482374,0.33691269796777806,0.08058192051394425,0.41570832529118346,0.32567672300243605
4,0.4490697331211501,0.34533423517179423,0.09898876659236594,0.31354704575335596
4,0.44109137377684066,0.36143022925132023,0.41300854050660213,0.48109760864399514
4,0.43298376832631985,0.25797696636118733,0.12760986720816764,0.13139325055539125
4,0.5358524997622738,0.3393225541411871,0.1901681805861694,0.11199320224001136
4,0.055788717319749825,0.21984501653884686,0.32997573293849675,0.49453518104811905
4,0.12025029162102491,0.17299268543628293,0.20133921457873932,0.31646116082315817
5,0.11463923346996979,0.5477554101396473,0.26939146144965437,0.2307241906714002,0.5362624267128904
5,0.448810545939535,0.06003868850426891,0.12692419314880993,0.13795211207899633,0.07008684925088166
5,0.05281436679900292,0.47178571793018825,0.4079091865640318,0.5378105616808218,0.06062110162745643
5,0.14514700112553308,0.1641023632600926,0.19855744664958902,0.1564153800940447,0.3255430699685637
5,0.1375483122558701,0.28823513235201464,0.10717762845736484,0.15823194599089724,0.17721032957590016
5,0.52865237714752,0.37156511013697097,0.43046071121919477,0.4963213662135478,0.543900438568341
5,0.5086930985845219,0.18137712616395402,0.4835448206686181,0.33857602686703797,0.39693556933282065
5,0.4216459868558318,0.4181976094331326,0.07951542249924454,0.36498845910891115,0.2222784114699135
5,0.37510445293875533,0.35097886208114853,0.08206357366174138,0.3562209534203869,0.10272054646683942
5,0.2307775963128093,0.10053903795169822,0.2701813986974195,0.24362594223041373,0.43889842693247577
5,0.4688026891490273,0.3090407544886303,0.22510121934918143,0.07190336478974363,0.3388637529221427
5,0.4932045389057616,0.2725715638991468,0.474219099103176,0.3287562232865446,0.16269851621842707
4,0.17699423021396204,0.12440713519101038,0.44961779204313285,0.39859983212694167
4,0.5232986180151638,0.5361582270783536,0.24340783555159767,0.10210978534899634
4,0.40535679635537963,0.4499998729151598,0.408352098991658,0.07888260958373289
4,0.22805699700276044,0.13183723978918876,0.4557643149028457,0.3856369419491426
5,0.29847597767332396,0.4374065800794598,0.16741769592531391,0.5051507968400171,0.15728739012452014
4,0.19378560705588693,0.4967859760492151,0.40138804054200555,0.2882313964760555
4,0.15455716481590004,0.22827413157310766,0.05758893904220114,0.2811892793695994
4,0.4576469726548748,0.20832455731985017,0.2283567542101939,0.45696317854953433
4,0.06540121827732764,0.35944052268231547,0.12140080937481684,0.1612690407632153
4,0.23468185878196107,0.17483010060528442,0.2189783853983795,0.22851871641038918
4,0.4420213034735772,0.08061465260778528,0.35226783512330057,0.09566966530971072
4,0.16524339998574916,0.4872150281022108,0.09934342666669355,0.1948689928913861
4,0.1652908381140759,0.44532363598769814,0.17025587798385228,0.4841900458935651
4,0.49574168308959393,0.19581086768203587,0.5079149005620474,0.5174052892539172
4,0.2072975055287512,0.14244795529573512,0.5228101411770465,0.35166478561108067
4,0.5434804807248605,0.19061067215819022,0.4535790098796348,0.37482450239310744
4,0.39431643472147354,0.1821686016223844,0.47047671063752766,0.4981079703645935
4,0.3471307869985681,0.28064112285424075,0.20507743854343036,0.11094397407072237
4,0.1565789838638561,0.16713306361758257,0.058819168360468244,0.109586287053894
4,0.5043863052440007,0.3722516187446175,0.15023697516590012,0.20108139233385763
4,0.36111599398495026,0.050946387284435735,0.2314839951450221,0.07538618327866248
4,0.3504295229784828,0.4171705243511386,0.19448996146489322,0.49472668454318985
4,0.4504827285693281,0.5351917565430857,0.17485360496136254,0.4241736406938104
4,0.38961627402845517,0.44484155258710206,0.4888820944284446,0.31288573426920846
4,0.16295651225994695,0.11833297470448007,0.18976018372093634,0.5216964109177571
4,0.35673284496653096,0.2976194929247769,0.3248315165224955,0.16662745486537006
4,0.3692351377462108,0.4266705173600818,0.31033077132846726,0.33374297133953706
4,0.06483459717571854,0.4266179180906127,0.4501054288226701,0.08264644440031593
4,0.13816258794686748,0.07816574431986839,0.305511592804728,0.1311657431714775
4,0.35978246020762866,0.20763582691361987,0.1672880086598441,0.062280424510125
4,0.37547521805116485,0.3429518152221627,0.3609369885335099,0.432879616497108
4,0.25366102930603995,0.11256540890722916,0.2411627233556563,0.22522735822096757
4,0.38846750440229555,0.422981495226007,0.248611271241363,0.43794384912384304
4,0.43472819180671124,0.40869420466436773,0.3499166753099559,0.5400601357031651
3,0.6549515666018979,0.2777626659897768,0.6208402711606273
3,0.47226164166000145,0.42257812441495873,0.19270579066051435
3,0.45112598540191867,0.2773129220107203,0.17841158710083843
3,0.15088471506708495,0.48807095947967044,0.28195058384432164
3,0.28407532979843025,0.06541649079726791,0.4588211907857421
4,0.46628788226664714,0.4895336587462376,0.40303711402477055,0.3860880763558541
4,0.3389219420057474,0.1694513961161463,0.5352849838111007,0.26979899573682126
4,0.1758340950445047,0.23346845554753864,0.4813023484705618,0.1242997971335667
3,0.5211269956682751,0.4656894906387506,0.2687263285977369
3,0.15075838204825315,0.1823361489060546,0.31514116865768277
3,0.36319253515892796,0.35915182528517103,0.23655002540047715
3,0.2520745900021532,0.44141908922899625,0.28042829872838654
3,0.36298953878193335,0.3068668795185952,0.11513674575319005
3,0.06402024529246392,0.27323897644164413,0.4363291347690042
3,0.5474804382158311,0.1821073863943375,0.5197621440664302
3,0.326625290836205,0.09528344322440901,0.3229450682197504
3,0.273295129308965,0.35247999999085694,0.2143316370820974
3,0.5372169967060056,0.3185478485370215,0.09003131029581996
3,0.2561310257127893,0.515809152513367,0.4085698361146944
3,0.16937548907741234,0.40068618338456347,0.13403405033044774
3,0.11647357892003124,0.15606563908218613,0.2897938408663073
2,0.2704791994048406,0.1656172572064019
2,0.4676604962061531,0.18084206137767772
2,0.3614430500333818,0.17740558155210057
2,0.3490204420612753,0.4663706062250749
2,0.36755706993451415,0.3500732015525691
2,0.4386102704748565,0.16993959055423097
2,0.1130527676562259,0.3060049012535548
2,0.09306278805966889,0.2062633823851588
1,0.10691545657877638
1,0.45795043157890386
1,0.3463347831570999
1,0.3886311947786015
1,0.35177313937124083
1,0.3203168222439949
1,0.08918708149113236
1,0.10677353968971665
1,0.32947752519926127
0,
0,
0,
0,
0,
0,
0,
0,
0,
0,
0,
0,
0,
0,
0,
0,
0,
0,
0,
0,
0,
0,
3,0.3948657737967792,0.19619900687929087,0.14962259415699702
3,0.1965971630565848,0.36677340092029403,0.1572091264457391
4,0.06841704665390286,0.30317987825406073,0.3408994815125626,0.10864675552769337
4,0.26978997150012646,0.48528485872155475,0.5157337357035929,0.5313287884082094
4,0.17996854364935883,0.32115399356119695,0.4033771504405182,0.3163987218091357
3,0.23701519581352598,0.5245420233523237,0.45371970852191296
3,0.44694732989995195,0.17994961019757322,0.40731521442789437
3,0.46159891461994446,0.3764000654637453,0.2093517540802508
3,0.29755771412652793,0.20865868447480945,0.1589076297320235
3,0.3241131116073183,0.117660195627658,0.42238838272616236
3,0.2657178179408434,0.49925388194459913,0.4737259878494568
3,0.13480797743937695,0.3144959999592189,0.33155298971469443
3,0.08971965249970987,0.12472537789547972,0.15553768589434874
3,0.45547368253270787,0.5379861022520656,0.41540869392575647
3,0.3258829372545062,0.4774416913686265,0.5137500239561648
3,0.10542201668183387,0.5411076525992753,0.49508626862989263
3,0.3783804184794726,0.3929115675943345,0.3232551957930883
3,0.47558073599503553,0.19038112385062972,0.2703181485888592
2,0.33531377064021645,0.5430078342121003
2,0.20117459237872154,0.3416596398490804
2,0.1516820521354228,0.18377275454349246
3,0.21659922182052277,0.20882089836119794,0.37204510627456316
3,0.5120901940207112,0.20513654115398544,0.41564820671174246
3,0.27362949543272824,0.2928965075172179,0.08592179818022222
3,0.35157734773171784,0.31164499763185244,0.18136192900469
3,0.5473388776026127,0.17634481025580012,0.15847661151852682
3,0.0697517987655985,0.3057377707457846,0.26429469483777807
4,0.18000991080660117,0.21827870914902664,0.4995770848324009,0.5436248958792282
4,0.31695191914174875,0.05059804274102048,0.4565139327609839,0.25904309504194184
4,0.22429295749056394,0.18184241725757017,0.2086057711063502,0.5004361885832296
5,0.35492955419995625,0.47573971280827604,0.08432319376045988,0.4065259766801453,0.41367397766764114
5,0.4335540457103592,0.07819070758500063,0.3194752760220207,0.38981479952269177,0.35968000708950887
5,0.5471182519101618,0.20159759307666475,0.1312462986546678,0.5060118037692496,0.4674465668961424
4,0.21453170962739182,0.13267500547439753,0.2649428791424973,0.17379766409297912
4,0.22838567365225187,0.33569332725163786,0.06302633660588025,0.2511719359658482
4,0.265741177703341,0.20021303587305445,0.26736468834081945,0.26705444873101647
4,0.37242946492819257,0.2377980263371126,0.48968184219487815,0.62104924916647
5,0.055505227823136105,0.4769914308178537,0.46496252387883685,0.0628587833077569,0.42291641592892726
5,0.058684019777374974,0.08461598121655395,0.4651487643085026,0.3235499018580082,0.21294214699988867
5,0.5894361722312247,0.08887983145166894,0.34918087397157277,0.35542934397439857,0.4540375222238749
5,0.4510985908708312,0.5014355184645967,0.15180808303561316,0.12855581458782545,0.6670143030628846
5,0.6889820655296647,0.2400364907269798,0.3919181261123322,0.12177591966431106,0.3863125225037835
5,0.47531264811733276,0.15226576067801428,0.28444459294516883,0.21833160846951466,0.548274381646424
7,0.29191892774415645,0.0926972579203334,0.4219728464169447,0.47876548040110845,0.05039770517257408,0.3500612205128633,0.5250878355306745
6,0.1876819156855734,0.0916892939577802,0.22697565432714267,0.2261578094394267,0.5217662265178455,0.4459001041433224
6,0.5076402984566006,0.19192442908678126,0.2437921527091293,0.43448703658003857,0.12470707080330085,0.2538323120782778
6,0.21138254378024074,0.4830417788912114,0.5404734097980122,0.34526261956192933,0.18875636822457548,0.22848789102462494
6,0.10381329525642952,0.3978388674658761,0.1996642187111543,0.3835645612198028,0.37583591955081813,0.08109602753571205
6,0.4796897759537589,0.5017797090761245,0.5211358688020507,0.2705457834109098,0.5039552692479412,0.5193211295998208
6,0.40639057886587876,0.44599313660055845,0.5164429436296646,0.3278328956229411,0.09757484833883662,0.4524925704955353
5,0.22334097054595808,0.1461477350177695,0.19890798849875319,0.3414887096049118,0.2879553708391625
5,0.24744434300104784,0.48494790837442864,0.13413182448913902,0.20918361590737727,0.3822877188203882
5,0.40821670417106953,0.2526295498187196,0.4802574716332814,0.44888869396956715,0.453563051110406
5,0.2807111347692865,0.34996859314496126,0.444417145847446,0.09646614149480554,0.22919088909949362
5,0.27919589548196516,0.3807337855960882,0.22484559908938945,0.5220351495413509,0.3772106654200869
5,0.3105667886924452,0.1830890097772508,0.41543502678352556,0.42232483494987366,0.4085612680460428
5,0.541015981677722,0.05971915965135571,0.47797176310657313,0.46626517178696053,0.4862211333893563
5,0.30158208619889465,0.4436219352497446,0.4670191542726782,0.427803783828367,0.39981566468453084
5,0.28304283825357673,0.5366295093494846,0.19130558524579327,0.3021291890431091,0.3523191953833699
5,0.466486014181476,0.11732057317629746,0.23212191700230284,0.18563659761562396,0.21547454293792273
5,0.11977003346286613,0.2776040544356215,0.2117626050386256,0.123829983817965,0.3132221176588887
4,0.12660338843112157,0.13570087911094914,0.18468125524243745,0.28510054676106916
4,0.07188881854291268,0.46846669570307053,0.5396619214278262,0.369360797016911
4,0.4135120823689103,0.16743319543750373,0.5071211016945354,0.5041974851595308
4,0.534571542493762,0.09173727544446736,0.5017026153122726,0.3777390419302065
4,0.15522561255286554,0.3185202700312613,0.16322974151065112,0.13408397734236704
4,0.05887370274709364,0.2924897989658619,0.30891647956569307,0.2723995084494993
4,0.3761409756827377,0.4461737508997971,0.2066600537373134,0.1963069400612359
4,0.2986800015486832,0.6219057665002764,0.3615669559592897,0.43897280687365736
5,0.11725523975293412,0.5135691074211486,0.05476304111153402,0.16532373609378964,0.48942150866577877
4,0.22848592211207824,0.3178943474535661,0.2875183256562646,0.491895134912999
5,0.4819057820485771,0.058964378477444124,0.42175726422515475,0.526158132774305,0.40746867198649533
5,0.06794163153046645,0.4999109781076684,0.0662163164206579,0.30465412350567816,0.5962074088922902
6,0.26548324766555925,0.16157552316434493,0.24753625066601354,0.3828752952010404,0.06938366177586003,0.44128270282822474
6,0.24824313357828004,0.24522431692010443,0.2837885435614201,0.22088031141908787,0.26248660771045745,0.0626497857111295
6,0.29021147437515976,0.30910847065665453,0.4010076155136855,0.40073076088907517,0.11033580652396052,0.5397453855003895
6,0.09032422827169734,0.5248459153689293,0.3736043738058485,0.12011490569685929,0.433998230965892,0.23990669794887737
6,0.19201293207323739,0.5295057925581095,0.5384320140143384,0.34829908306644225,0.056341847741960216,0.5111544617048469
6,0.21515955089622568,0.08548073920975535,0.37618702246912306,0.14615202736435334,0.47382015895875335,0.327732922194243
5,0.5458443097683043,0.36354360632890464,0.23353930740269255,0.34055091455595893,0.11858721847758841
4,0.10332400157549787,0.179036752722819,0.4951496321350794,0.26342784447455353
5,0.2821444711042567,0.25375532554568997,0.3042285296686021,0.2494110484058854,0.24217336726963562
5,0.4358824161739721,0.5507801779239985,0.49066640317397686,0.5308671456492249,0.18045418133575902
5,0.4026343183756203,0.2309133299342476,0.3870361659734329,0.3714520671407138,0.06842265621932847
5,0.45516792661033995,0.3671575543138386,0.08397207853171834,0.44351341408074624,0.12477709959555411
4,0.5146604895144011,0.16635213697847012,0.40024553627551435,0.05219632413986236
5,0.5168409174729021,0.1453369896786133,0.12017831328065004,0.05504037873206108,0.08995706776679174
5,0.5428794496875162,0.4783513893643786,0.46529605626902054,0.23328087992134067,0.5205820563706072
5,0.5406506036860954,0.16963201674885475,0.2372972707766186,0.3869165769746071,0.32401241065823577
5,0.2771742311317726,0.11947922148731288,0.07181344369643711,0.05342971221697329,0.25594957600610996
5,0.1238791987224413,0.30748022530018954,0.33635141188109524,0.2951098370041369,0.36861875322584475
6,0.3846689117866991,0.10190975971852695,0.2417281252550862,0.17337410102608747,0.260387005643448,0.18689297025860202
6,0.07563632603068687,0.3324790936165946,0.5306301628373609,0.4088786850766611,0.3128846202865611,0.20047280589779676
6,0.08480665179425756,0.12546203072272527,0.5284177702534292,0.07502361951700981,0.5026665855318344,0.3283884224127835
5,0.16057825856456515,0.24093637598885193,0.15076017597690278,0.24987286431240135,0.4950029685578144
5,0.3011976097697356,0.17571912547290242,0.39683451604844316,0.3010221840620118,0.4798065245161051
5,0.3847460286197692,0.3467289113658076,0.4988562825039811,0.3251016711321803,0.40784118301140876
5,0.38392434718229645,0.5359877669803068,0.08606991834009042,0.08595088660866862,0.25484114869256186
5,0.38452590901015077,0.5053468561783947,0.381002822668379,0.43445267852107056,0.40511904691945094
5,0.40931527430379305,0.43943105989722825,0.37446276537505535,0.20143598383993128,0.4013561737758696
5,0.08915303370012256,0.11035777016927412,0.5033795042493749,0.27671480255366837,0.18162704942123148
5,0.4319857684826251,0.14026002082772354,0.5301126607535751,0.544679641401459,0.3968437255198453
5,0.339860382257721,0.3729938865559917,0.12544964701769784,0.5239692200005455,0.11729989781755684
5,0.13105883330172768,0.1737410198286245,0.47077661215904604,0.2234187881211313,0.5262311561150046
6,0.3947079908499322,0.35553578050445994,0.37659421824981604,0.4743684374116666,0.28806845670692555,0.14719681120047362
6,0.31211363337466846,0.4689476228891227,0.12375191470141839,0.08383979469896358,0.4316210597677603,0.1746183421720287
6,0.3080851424319358,0.12912321030767687,0.44086133427927693,0.4074170855470874,0.3354925316078868,0.5471230168091814
5,0.140020739058271,0.48527602635955897,0.5252100565097677,0.16868540401207083,0.4407779113939127
5,0.5339939660319462,0.3574677368332137,0.11983487757944183,0.48264167537208374,0.44674192564408904
4,0.4181285063257341,0.45121312813806297,0.18878904655679646,0.4935138403471791
4,0.10352210196077266,0.43306632635349246,0.1594262348491325,0.32955132870764253
5,0.7251662515931325,0.389149193619495,0.09871373438780823,0.2468063319003551,0.182793093857397
4,0.325887196316019,0.515649924777221,0.17324596757202354,0.3764606386691535
5,0.46272087415005203,0.05576606835147263,0.2401613898032226,0.3313654786720221,0.5123680571018379
5,0.45114791945705796,0.3326840971152207,0.17345982468195104,0.39900086995568257,0.33370708775226915
5,0.06720508320559265,0.07340288891774222,0.33111235986095305,0.1832959479260134,0.24856683013182096
5,0.7259574266902783,0.2899491355616382,0.4589106995742451,0.16196617257187967,0.541198828745943
5,0.17635829844227574,0.2323728105306913,0.2237781898899271,0.07225276853544876,0.16836012062061706
6,0.5293020025521851,0.3403936679571327,0.2998190238956913,0.09244197388756942,0.3635809285544403,0.1816401282970293
6,0.4819926025856573,0.5150036415854844,0.32458165571369474,0.21163581948820948,0.170991856619022,0.08741813949070071
5,0.6704402463288459,0.34855607320050547,0.3602513668803942,0.40569400729567834,0.08027957366296007
5,0.3769687572443786,0.2527564986762805,0.37129316880339,0.37394303199845774,0.06725888650507389
5,0.21268237508087723,0.26119672349976447,0.40366039323015984,0.29349763039389404,0.08635869801381574
5,0.47715292589915687,0.4265993046596663,0.5482245814889325,0.1709461027756694,0.18889228110702158
6,0.0685449568745779,0.25577644974555763,0.5633707257406235,0.4072432193209506,0.456332740597482,0.3424157488140866
5,0.08125172711643519,0.5492122003401685,0.5249596288175711,0.295317192563371,0.37004054838059247
5,0.13059152264856638,0.1538643009525355,0.5012826573977341,0.17294432304210344,0.519913053892378
5,0.20511980304807415,0.24201315177527066,0.6198843467832991,0.29448561315577887,0.4364624022814853
5,0.2889925336183993,0.2848381948365039,0.27440896958614924,0.20491135376730069,0.5262436582058883
6,0.1510210167941592,0.30380439860693037,0.34433831006097065,0.15881635456014237,0.16752157327830502,0.5480361251133892
7,0.4921519025651518,0.0888507544374017,0.21925485118294147,0.05353285927700374,0.39158747464601446,0.0850232980422107,0.5256538472895766
7,0.52617277364769,0.47044398114920544,0.23061540004004427,0.13885593207382613,0.3434373433202545,0.3962696366517719,0.36228456360380107
7,0.14051973890367958,0.31871195951846637,0.17002642682984087,0.22319431012413435,0.19982939719994458,0.5020904399677457,0.3685190988445392
7,0.18258504268739667,0.3321507762860881,0.4233827913724391,0.12244019928832511,0.21127522903317014,0.4280059863207522,0.45821096153506574
7,0.4926640567265253,0.43478522909853606,0.6810936418363231,0.446913735542294,0.36924025183733816,0.5026062771899149,0.4832533889117732
5,0.1940786792847385,0.3679131420125045,0.06344199314830386,0.14295871240317143,0.08611019831069794
6,0.21339044270464708,0.49134111137715736,0.528638889384978,0.24627564307012423,0.4273127125282929,0.2813406589017529
6,0.12296943691174017,0.5168940914219813,0.25205882786747374,0.2831308355092647,0.21891054048676378,0.49011605979178324
5,0.43266912174881905,0.4221542534356089,0.3021295031100529,0.09150195664237643,0.5467171868835403
5,0.40290309467305013,0.3008582647120603,0.4920990859220877,0.24949141006144332,0.2856463034242677
5,0.21210273737298174,0.43690859359519313,0.21401035962560006,0.5143400453998168,0.23495272852714838
4,0.33804532182894637,0.2948647142231606,0.5376700402956791,0.2670836418834301
5,0.3606456174661467,0.1480117190426306,0.37507050458516716,0.2280076265989041,0.4838189676238109
5,0.5289957298524912,0.15214055798153453,0.1512160972483893,0.321889241750915,0.1435852436396518
6,0.06577390605731831,0.33332104357349807,0.12455969558830943,0.2684568479686736,0.37451381722777705,0.2409319959293979
6,0.2108729670071809,0.16075033393975252,0.317380204917955,0.11591453950495728,0.48854999182620756,0.26746926629633433
6,0.42915424410496944,0.17025662132957148,0.4004352751258699,0.23208140869405014,0.07401665296429843,0.46951184741973556
6,0.2554143304267455,0.23595975536675567,0.15565498254989035,0.14014950621721728,0.1809003472578667,0.061213749310130405
6,0.37236673879646726,0.26528330881404477,0.4229384280484744,0.49413304453837376,0.28066468599737654,0.16574372553865585
5,0.4052663769891744,0.18089324730903117,0.46528226918089616,0.2522614542593861,0.28391138787294384
5,0.22497813093121505,0.2854565780640346,0.36762898159894136,0.06649684005679463,0.08178932909950715
5,0.15168019663124915,0.09130044132886755,0.19123863692497994,0.0926550390109045,0.19360981895838986
5,0.17758161730757377,0.37046324220205534,0.30213222421427127,0.38392794499078614,0.4389653231725938
5,0.3830127494575561,0.054651298727642905,0.5381224821280508,0.15092774259532965,0.13722444041630516
5,0.43601378973009813,0.40750390709479706,0.5274097171315004,0.342772736258289,0.1550418288296908
5,0.4069456478863234,0.33076274390615107,0.28595142431874426,0.11664150036698867,0.4137911068394105
5,0.2593704147182972,0.44758702162567904,0.4321762261542929,0.538410029202042,0.303652547862805
5,0.418969981733976,0.4035326452552392,0.34156357481165917,0.45157652236640416,0.08445573549060498
5,0.5293164026884043,0.16509663061808283,0.41993788782570746,0.3862854262237489,0.1202643149104275
5,0.2574123349137147,0.3818037315701613,0.467769276632891,0.3794416315779657,0.2603911385191006
5,0.0530991559007114,0.5192014659367381,0.5057071829482067,0.25939463979116834,0.4804466170949911
5,0.206307383921641,0.11828617276365055,0.4976935875229413,0.3461839996749992,0.5410039976037109
5,0.5231115992392874,0.4997685506411422,0.39767945804259325,0.3504625312692264,0.12827430733005135
5,0.32605123791538976,0.05057036214536886,0.3862574472099987,0.32363401482898585,0.1450921742799322
5,0.23214135849875434,0.49213713983824486,0.4717375682707015,0.19060470841111826,0.5371530837448564
4,0.07944069151675998,0.12196594757073748,0.2668694585503641,0.08175769659890958
4,0.3005368960591103,0.3311811007142071,0.2690910099112434,0.46255284302144445
3,0.15354023173831483,0.26505480414740995,0.07099022512124226
3,0.06657852229164068,0.149125527326821,0.21133796023400214
3,0.4409683463292508,0.4643756436753009,0.10823496025625984
3,0.2867903673346888,0.30610824614048476,0.24297079977844377
3,0.49706726359189696,0.48979825299446417,0.3238995313821949
4,0.5375914975801119,0.5120059766634768,0.40967093603495724,0.20882154104400036
4,0.055565232158402755,0.3630088317495261,0.4471326848122598,0.2718901695724754
4,0.3096164897107763,0.3386253992831077,0.4812546324740686,0.07281353539813779
4,0.38267804578481207,0.5194866104231939,0.5391390290344309,0.1639096016533242
4,0.49870799399642757,0.5360709528572971,0.4495633595779526,0.16782882216874567
4,0.18046467738754896,0.2808260101778797,0.3824461064496805,0.21199973170716174
4,0.19769437090321368,0.43863175290739814,0.4691316499782237,0.3124217632267317
4,0.27355349709698124,0.4702878564419278,0.12444939231542712,0.3563128531293224
4,0.11634975011036502,0.5065271877696522,0.09931697830006597,0.10993266753658032
4,0.19275457994699202,0.281439737616979,0.22835935880198827,0.2365496355841467
4,0.40889663731856757,0.14389918993072753,0.4561578624780212,0.37092469426250024
4,0.3138699999906706,0.11285995232996843,0.4433689653808128,0.11297217287160738
4,0.05381386525174442,0.21839886046496898,0.07973890918922893,0.428473394113903
3,0.20200965094399242,0.4157990618929594,0.5150811245491731
2,0.10404229432670914,0.11886590483661658
2,0.1184185887686528,0.26955860833748585
3,0.08329500828883202,0.19685889755821734,0.48625613165573434
3,0.2516905899670098,0.3708734747440104,0.33022260260611475
3,0.46187138327562366,0.4513563099881099,0.20722668946907966
3,0.48288576238866293,0.27760300976615276,0.41337649928185494
3,0.23802884627910487,0.2268930874363942,0.3101930486067149
4,0.06045738191149269,0.5496346466367792,0.2770506375502943,0.515691037312972
3,0.19260493200022816,0.443134711609189,0.4825296823108261
3,0.4915316937297864,0.4275204310432545,0.36433786983028355
3,0.19208739865096175,0.12805029725482792,0.278599540624811
3,0.31432930177158774,0.4655119417729638,0.0643250957702664
3,0.523427739473139,0.2878588211067418,0.2970172570825181
3,0.2373485983661619,0.48394400808805843,0.18504083299486868
11,0.17775327335755225,0.7951803803579476,0.7584600398684115,0.06776866949776558,0.5083084866633427,0.43018239815892123,0.18875013119632947,0.4858844831489477,0.10971533328548226,0.6895499871246672,0.18166770241938243
11,0.601559732207592,0.6260846589654947,0.7402208366890917,0.4118994541726427,0.521292195272856,0.38740064564840454,0.49049264154018124,0.2505384060762359,0.0665156141643472,0.6041953397767224,0.1274266005646653
12,0.6733219577627868,0.5243436407481958,0.607976672039268,0.36921814702100253,0.4030438548208296,0.370245949462715,0.41247829568270233,0.39211578584607903,0.23268255944309668,0.02327117140734708,0.777786566370325,0.14155649408379353
12,0.6012600775081682,0.2927691983189724,0.37836734349738377,0.06588323507345542,0.4699057943300359,0.37735204420054,0.12131028307407878,0.6272573337491659,0.17539131996916796,0.08892243405088052,0.381823118405983,0.14425522049383588
13,0.5221855931978924,0.44567495171438903,0.4558730710438527,0.06757794654673085,0.6310720373186123,0.29937457766592623,0.4082240478742225,0.45355508850619475,0.41040926257256966,0.14644588309475648,0.1462263337587919,0.34386651592371353,0.18011038640583943
13,0.299482189273061,0.6114092245853678,0.4504477441001182,0.11697560763432266,0.5502680911580288,0.43059058531797184,0.5233942624835359,0.24469755836391988,0.23541675179018992,0.034988562740307504,0.1488822228968196,0.3703068816755772,0.1466569486353701
11,0.280149907416596,0.5713542918487587,0.5638425587916686,0.4990693471013032,0.18778054726750923,0.35991102054839214,0.25315595622546516,0.19484262168694122,0.13714996682539124,0.5496908779498371,0.15136091103216673
11,0.49202463658857987,0.2008933399232192,0.12408572606699374,0.36969763680948925,0.453676665481934,0.5599518629581003,0.324679417213823,0.2807252925559414,0.3007661885249341,0.294914276959184,0.2884710955247307
11,0.38635064406630926,0.2086980454891451,0.13859013467986764,0.41052473850570353,0.21896967253679153,0.23711676841562118,0.24067368918856072,0.2987154585784355,0.39798168184862914,0.28390441534475924,0.5046479326424191
10,0.3918833348796673,0.49362300264299996,0.46966794884961255,0.5792853788371994,0.19086503943702746,0.34522641452982467,0.09626418779794431,0.4992906186098067,0.21542001888126827,0.21486618873313054
10,0.4504944872888185,0.40650356286324596,0.14274547657195155,0.16548142216421652,0.48692135219206384,0.45907118706071326,0.4191738621443195,0.5043305573728413,0.3732252908035346,0.22167185062467382
10,0.5522381367866215,0.4503272922432698,0.3984100305629863,0.1752749118753744,0.22982544794061585,0.48290245554239997,0.38997500913849326,0.4049537048021035,0.47365606111404224,0.32665897270548727
10,0.336961019014127,0.4718981630767169,0.21473244308432887,0.39394873328535573,0.3338915707310427,0.22130760889988596,0.42922690878976855,0.08894826711873961,0.21677653388607132,0.48098017851052316
10,0.48314422838033066,0.4938772327358803,0.14730265835606643,0.12725697117974977,0.2185325994631239,0.4218341775660733,0.14163854082468694,0.203271952844625,0.35560668135801704,0.2671197757484144
10,0.27129515734389764,0.1840790322927655,0.507029787014784,0.36179545958009746,0.4391176851445888,0.5160699170440619,0.25325995500272697,0.5810224947255996,0.1326557504513634,0.10596445239230637
10,0.320666072655482,0.3777324776283005,0.48333060697222896,0.584082634801567,0.421021083487169,0.398916853094343,0.49863455121831207,0.1759820332850178,0.5206852589577298,0.13326792419653066
9,0.25439502241980133,0.20658438233312484,0.19377719535699325,0.3732001908012851,0.14989085029732716,0.0684657900168755,0.47686985346432953,0.36025984312874343,0.3469970200997753
9,0.3975036438830598,0.2986794545221981,0.6060882478703173,0.27381266289826167,0.18175988909441868,0.15403405755970506,0.14154099324385366,0.13348504055020563,0.3288476490023693
9,0.5699873871469759,0.34372163368884473,0.28755757846417596,0.09089803693235263,0.45636670449515077,0.26495921053560906,0.2904037132580959,0.14389736260473274,0.2035758426251663
9,0.2285693168308964,0.406359461805392,0.49052897523195915,0.14607782204121378,0.5337394518876885,0.17923073438110698,0.13368753937777594,0.1347625770498343,0.40826137939055385
9,0.44422302004004494,0.31233546802931544,0.38938910817442013,0.10904113964604441,0.26315042687745543,0.16687978016311203,0.14334487425097117,0.19138953341058929,0.5822822288699327
9,0.30138220228250395,0.11587238595557779,0.3219945943577659,0.5157080898196746,0.2765661798220207,0.38038131268603115,0.5752470937737056,0.48902563337263605,0.38805822948815266
9,0.25567484802014,0.20421022750669843,0.3420358723101396,0.4445279579018536,0.11375153524546873,0.10172086661640697,0.1635850496539017,0.18965158594039006,0.24813615615820828
9,0.3515207710195205,0.18312647242662108,0.5362941501674633,0.11156039813830737,0.29935430846355343,0.37016261289949653,0.3753189373384226,0.20591386226107553,0.4563070990870265
9,0.5687746432923924,0.2600975593766357,0.19503620443296407,0.227871478449218,0.16371178289133928,0.10103812598562809,0.28934457315794565,0.3791146114414757,0.5504755234099901
8,0.22325060433826568,0.1060727234188987,0.46035017613895596,0.48366358511324165,0.37596994966119957,0.15372129371493615,0.25684236187537546,0.014284495975823184
7,0.4735053067195331,0.11952699572852041,0.187873329140203,0.31697046923857075,0.1848867804099443,0.3012770802296855,0.3946507502293763
8,0.259992614528088,0.3554168906716906,0.5795573194504925,0.5728429448560424,0.55942849137611,0.19677899131244922,0.2825557842415656,0.46949560906430576
8,0.2399659719319311,0.3214173487063175,0.5898871423824918,0.25245638737402915,0.2242089111044216,0.07753192550583157,0.20520617377181843,0.2110362125865143
8,0.45947000798968274,0.41785635695682105,0.34390193606186686,0.3450717731856305,0.0708106952701541,0.2676842185111185,0.3588303729371809,0.1651558814485084
8,0.42851901735781467,0.47284477819147913,0.08697388006168764,0.5172215286109613,0.43657106368445364,0.30489845290622103,0.3733617064243792,0.45968100712969995
8,0.35138791596263147,0.5632215723188188,0.24247266250002072,0.44438350223623,0.06977283117845659,0.373958822589025,0.22155602840745686,0.5446993099441249
8,0.4406744780435403,0.32118554758532813,0.6645787193333973,0.5595744754445816,0.3211614002001694,0.3608310293980762,0.33895011237458783,0.4520382384376726
9,0.5030921436203225,0.44490981478143693,0.25599112846741334,0.13698082608445175,0.3260206653251203,0.2313421284655723,0.09980341277388778,0.3794965063647367,0.48302025028232676
9,0.6576864812825549,0.43676825539952213,0.40565050824770904,0.5233091464818261,0.4691878518956441,0.1572637021324563,0.18835145844614146,0.43873137754797814,0.47883767625518586
9,0.621681498580777,0.4501201055987341,0.01886601938460771,0.21743220610571384,0.1555021207616968,0.4072690566967033,0.2269034829644443,0.28334725542780853,0.18488170280889227
8,0.5120593162908084,0.31234220727159767,0.3681866924791867,0.3004688864956655,0.11815958740601197,0.19020887358852834,0.18648130929327095,0.3175758234347531
8,0.15214472562031053,0.5488625623977161,0.42761998381378125,0.39703938820834134,0.4355212073533549,0.2284799152968303,0.4573785611597991,0.13784127040412442
8,0.17947442518691356,0.4007006991786257,0.25506434215774954,0.6285361449561048,0.09594815689535001,0.1087474976369002,0.07307124811674166,0.44169965767198915
8,0.29523150965096484,0.08070173572917329,0.3542789490613288,0.4184376144071088,0.26206242313798445,0.22679623649871875,0.09860876550311957,0.12409595130578904
8,0.3320550004778919,0.07900762374800158,0.45851155898690454,0.4977359125853511,0.2357659148611397,0.28212945225023583,0.4947733623316492,0.33239451256897673
7,0.3766863807800155,0.12972316062751926,0.31964044615876097,0.25613943679650325,0.43231639103968905,0.21489296331970362,0.48404776141697997
7,0.3718350732652964,0.4438675860146409,0.5240002946497264,0.3260435431548308,0.08973778633945804,0.19192890452916656,0.2756263667459402
7,0.25079127589234873,0.5102539312647375,0.5285002780379604,0.6443684333502581,0.4131497336328348,0.3000506340751041,0.22029297017962443
7,0.37488452137583533,0.2938878784989241,0.16707628013396306,0.3415034272072388,0.10931343549868022,0.5040537539209073,0.3685638401863484
7,0.28300189949224125,0.49511320450460083,0.3038783013957771,0.3212028774769922,0.5599022319419188,0.29466291302856457,0.47114408513545786
7,0.4470657421835761,0.16155339610717465,0.2913333141341711,0.13155730778360328,0.26378603127333355,0.4879263445501087,0.3871919346984782
7,0.2404539069414613,0.35351058017428233,0.12078902254311578,0.10423321403268768,0.15747800444134652,0.4334710194647636,0.15753424460409898
7,0.36069547669401897,0.4167085532278623,0.44584330510336484,0.4686183235751827,0.4548767535328464,0.21804216855654462,0.19856445497265926
6,0.3744082298740311,0.30980670430912544,0.2072137530039524,0.3100792175419761,0.22474797653039244,0.4804905051194341
7,0.5703870856487631,0.7327414562054957,0.17100624731384173,0.4154300985295794,0.34115598268687913,0.3477281882559547,0.4594551794386199
6,0.5176354695437517,0.3268936400500161,0.36157277001855104,0.22128288743777466,0.49018800858947065,0.5008507776981765
6,0.6816211613100764,0.21905590472226602,0.34237573845679276,0.4355503257159913,0.404616112639784,0.39397530593796976
6,0.36189497667958964,0.4595015628752622,0.5983940539123008,0.6203153749002148,0.2390850129201479,0.3451338406582266
6,0.33486475291951007,0.24942412127613298,0.35831547991212337,0.5414445766591791,0.2775901000335102,0.4322382498541524
7,0.05306438175354694,0.404756243552028,0.42482919386765344,0.051484097294423735,0.24823765189621252,0.2453424314092189,0.32049043559050533
7,0.12715775648660554,0.29395652030266756,0.34117555608570277,0.06831653931640524,0.2177170755405031,0.16906671394862677,0.35168572941578574
6,0.404751212535653,0.42441489006224686,0.17322970143790672,0.345315838263344,0.26834943170008957,0.607936178850425
7,0.13212120809490807,0.4464109592306708,0.27452535762234925,0.16369565273119482,0.12092808559295798,0.2869894385196479,0.2271037341091446
7,0.4691860414678935,0.5933535258536986,0.17887661686408482,0.09647009668252456,0.13099654513544332,0.1235102318066848,0.24733696185517107
7,0.4322823331748424,0.10815213353747005,0.12787313086248503,0.22865171956150313,0.1368008750889321,0.46402953269510144,0.08802918012858957
7,0.24732933395039167,0.27742900952169774,0.057717014188870396,0.28992795134092986,0.5466010460755677,0.5401000273989844,0.24728790215228702
7,0.1856940097428654,0.5957219975241794,0.5080848519577952,0.1110173184749481,0.08985792011352445,0.19105610004548734,0.6498317258736561
8,0.08146898761473725,0.4637687453583721,0.28985257609957865,0.353513767355975,0.2920435805399144,0.155728878669516,0.12705815084550565,0.4362836355151926
8,0.46299507130799444,0.4612698986751183,0.2612030607906411,0.4539185712764974,0.36190712914019607,0.3781503171501279,0.388469622163209,0.06016743325249668
8,0.36251030221080155,0.10007059291461712,0.23137460921550274,0.3898307468986566,0.32926737565157527,0.5469895981071643,0.4070378974164438,0.37001518396787103
8,0.24158982413546534,0.10580885664133409,0.5251369438802912,0.31491000118264756,0.3421900397279263,0.15987801837698895,0.23101308941631105,0.2827057758494564
7,0.40786352939989173,0.5549180011522095,0.548778265696946,0.359082832221086,0.44059833438023865,0.2163781247150719,0.49956617467786374
7,0.4385494026810381,0.3739609740311497,0.5398847827563028,0.3667339125735124,0.0745446687174902,0.3219033953765584,0.5193711976543679
7,0.4242597923572745,0.3127808500380895,0.4418249228202807,0.3573784631649233,0.40646628488185704,0.17685201894653307,0.6330756863881313
7,0.49091561929401634,0.24980697727307782,0.6805943222132446,0.4750004397120476,0.08328999645677386,0.5810472235067529,0.24630769852435264
7,0.3159010893917787,0.2550315888788038,0.3221505681873638,0.31131324127923865,0.17598716153832586,0.39342697664251325,0.40790216117824685
6,0.4223536645872706,0.24687983722201864,0.2871168501165523,0.10642530197012474,0.37115508463294883,0.2121225979541998
6,0.4089597124330575,0.464647321671156,0.5528352536049134,0.2751098061350361,0.4048407709266227,0.44183557738731516
8,0.24471543546212288,0.19132250712428753,0.5134829007398187,0.2764340401284456,0.15568976625305395,0.47952052731767625,0.3321393006599936,0.39885418428761876
8,0.5162205845742172,0.2080068431603749,0.25868886171100874,0.30170448626040397,0.37114467843037646,0.32199158641132514,0.5888393528700511,0.3925757663639518
8,0.31704063465750193,0.26311622223997283,0.23054194896388713,0.6116035454141374,0.09166126368934442,0.1360497211092007,0.45226896973221536,0.314597602997498
8,0.18164211662202728,0.2627554090134069,0.14912827027738731,0.6329782530002909,0.6008407972801708,0.4221862045942114,0.47228910069324354,0.24859220291871698
8,0.6351979452755032,0.559613643895944,0.36601214168073964,0.5610585758639691,0.6896894798273643,0.4741273206434793,0.1374383846626475,0.501349867470952
8,0.38051522749631717,0.24456763607162874,0.3110383656374996,0.4429115849705308,0.3739091948430139,0.43854214725842083,0.4167982237191028,0.17806431682877297
7,0.10926696138065395,0.5544293040122278,0.24322925077429225,0.3059619973963592,0.09572127027827658,0.45232961591879073,0.4143229294503092
8,0.1215679197627356,0.26335772463794904,0.12385314008590735,0.3102743882328303,0.3682943804842519,0.04249700168786556,0.5749563398093356,0.351813058810885
8,0.4917627435324055,0.510661896883156,0.5238075689345599,0.32088184680423587,0.4570961511520509,0.1860649681286954,0.16185210272786904,0.3533052648924199
7,0.13711681094691802,0.27843199348650505,0.0799377000255167,0.33308952267480857,0.28993736886454247,0.35182227631492774,0.2304768425564186
6,0.4456762025520208,0.09400256079643134,0.4351968173315249,0.4235835312155308,0.53660453437174,0.5298238411623831
6,0.5359438424564426,0.2821922266155046,0.18383840961799922,0.26099168586004523,0.18074471978369455,0.2249094426163179
6,0.3467425005201185,0.3477856562141362,0.29305703099829067,0.24909608812609518,0.05815530728894049,0.12544202493347878
6,0.38079636490375596,0.19171245330179124,0.22731186590851551,0.551710874651733,0.4994283851687758,0.43323674860151623
6,0.5557502102407377,0.28568313484464625,0.29483954016990527,0.5712171699523365,0.4335162800315072,0.4773664425711081
8,0.10414846581370889,0.21386240429803413,0.26254097590366526,0.4032532818739681,0.5644561949804247,0.14454738851351073,0.4859480349441047,0.48408488461195454
6,0.09631127093904325,0.4776538570126845,0.14887591634708602,0.28451027097526077,0.15844401366473473,0.4558915582420145
7,0.4905605610854883,0.19190551469365397,0.2999538953171365,0.1732696981440315,0.1688184149313345,0.32586347443639424,0.44936507492189975
7,0.2772303129392622,0.09445956303762613,0.3478248042527666,0.5947497479790101,0.46180151949154785,0.2396278217397993,0.45187708814301003
7,0.4407931082547958,0.2992478617651837,0.21731151343781976,0.4431786089744989,0.419457319895161,0.4312260719554217,0.4442488200834082
7,0.35364726168218147,0.4947954802016864,0.4773617823523202,0.06694984598793866,0.42927861440217946,0.41738404610334207,0.3565186106414233
7,0.26457565783032416,0.2521040343384942,0.38115898963709194,0.303469078686918,0.49369698596413303,0.1239370507738954,0.1671251865800685
7,0.5472428159179582,0.0377975126428227,0.3617511451072195,0.524223526769948,0.21170515249342686,0.27168394872286716,0.18345099681052057
7,0.18191377805100367,0.29408121031129575,0.40589817225007324,0.49215709306868677,0.13370183676950845,0.47122205142723245,0.22013553754249907
6,0.24337638784278312,0.053058786476653255,0.13143727494219953,0.5590350365794051,0.2399419871961034,0.34352124430618985
8,0.11208951921905626,0.2511621502076576,0.5375936340417713,0.5198667517253048,0.25498546744253353,0.11403935330269198,0.11697711292188591,0.49900709202810806
7,0.14157479383791585,0.3299583970910064,0.3643688537208298,0.2746758942784567,0.47663138103753294,0.1340601017686312,0.3493370183946653
7,0.28348754639505064,0.187824595089694,0.14236679920584477,0.4546902634872471,0.16526945196731543,0.3970462422542589,0.3792692942499888
6,0.42514227896595974,0.2479323394507449,0.26303456894029903,0.15743435557678953,0.6172908426291415,0.27482524142760917
6,0.15266463400706728,0.20662126184833396,0.42273788575576626,0.4991593713308684,0.4666308458166742,0.4587966001602672
6,0.33639552175627013,0.37715897624012673,0.26550116936686335,0.39356446128115086,0.23879386501390754,0.3676923934327778
6,0.1697120345483198,0.5306773884964202,0.32101852272303927,0.20900674184297785,0.2725524069884167,0.5340632708423825
6,0.5076708545816173,0.5013339681299676,0.1459987340858197,0.31513661798328557,0.1824516354953273,0.4476113673537808
7,0.48208096336015416,0.0718120711750923,0.5421723772781097,0.2536142419340319,0.06705494228949034,0.36369606949116495,0.6613768544809289
6,0.3103303796939879,0.3429914438738913,0.5394067252791777,0.5596305548787625,0.09216520470129846,0.665320637374743
7,0.3122876373478015,0.390717998641297,0.23872525838620712,0.09309843894235727,0.1766065857987691,0.588303979345772,0.3226847472743391
7,0.41235357473125556,0.1887661555169472,0.45530239882846896,0.3715904039914969,0.5303937974570003,0.12227033496725734,0.5880329834752773
7,0.5732841354517604,0.045399269196301745,0.29215312744637506,0.404567224119227,0.271334032090685,0.3063911193148756,0.49169792336712503
7,0.44826987134352625,0.41300989151587925,0.08622872219137206,0.5799229590649972,0.1966849047612315,0.26888631391249285,0.20251905407390433
8,0.3987477125529012,0.17926418061937374,0.07227350147133699,0.5590311166520345,0.13285476900577964,0.34376566554072185,0.13309255672524084,0.5876823635024092
8,0.32695870994623905,0.34563995590199204,0.515628332334553,0.46252749786713815,0.4027255810020777,0.30124762410576766,0.529346433769896,0.5375987392465305
8,0.08286020990531533,0.5465394191203614,0.18913707516852302,0.12019165265381404,0.3371992518257598,0.4266354368980061,0.43575674385842333,0.5335943331575359
7,0.36972989140601387,0.07639467632794743,0.3208258793556786,0.33333260889352795,0.4590021242983111,0.6080618326077335,0.258531652273651
8,0.24566561108829657,0.35720791836748655,0.4480149402274168,0.22397647189205058,0.424143127332585,0.21070022714145958,0.3215662288491411,0.1879550181217237
7,0.2633330298410251,0.32738665369054976,0.21974386234483362,0.5291652206586926,0.5195234107497767,0.5437313890889351,0.43615414980365197
7,0.3722149431796515,0.3019465225425094,0.7486275381008247,0.5604912179966822,0.15446018683927284,0.2685167834149583,0.1589373357151382
8,0.40710691297276924,0.4298029052744864,0.5681067025160339,0.1551142456057443,0.3708645939796621,0.5996098636079435,0.46275028740182383,0.7064709186003291
7,0.41568382554849226,0.26324344968830743,0.3522544971147889,0.5512836956746813,0.1921321732507957,0.49668802870699247,0.5995410654025413
7,0.42944033818570465,0.1623475580952686,0.14111810413271286,0.4545455186392629,0.35700513358789904,0.337898368076409,0.12028384365135497
7,0.24829492698667588,0.3958964809441687,0.41377549858469886,0.19575638936405407,0.5893372424389369,0.2618436520484171,0.19899938575826986
7,0.21483151977806883,0.12151191675134111,0.373576638386225,0.26670533513521794,0.5143305675450068,0.5682191168405077,0.3012145909403077
7,0.5271124335040279,0.44478328311534987,0.19898432660426615,0.5392616335635969,0.19049975229899987,0.5111761861662175,0.16052580628229257
8,0.3897786536477047,0.5260199590088891,0.41279917285543255,0.35364879571469265,0.30119892186956615,0.46068348493119665,0.3296425168767991,0.2278943395182147
8,0.5742271861917594,0.2427736182374261,0.5448764811723452,0.5195879531615359,0.4132176297069145,0.32008924198563876,0.3319861410489659,0.42398096346883657
8,0.12704355789078378,0.4032941703222083,0.6349220736475211,0.2786901467431412,0.6328929084434854,0.4406110969461587,0.5020797205058463,0.3744498461998142
8,0.510170582341714,0.2099362455409151,0.26607281896598833,0.2765206039173315,0.49286988297178763,0.16864753487281425,0.33636800992173754,0.26897803926690467
8,0.15434453945135554,0.3421547393390968,0.30692880358277264,0.3590809228890172,0.7323522802873753,0.15424212252972944,0.3601116157957711,0.4360215560066042
8,0.4563601235853766,0.3579531480707294,0.2839372489125195,0.2115106786839843,0.5490666980615793,0.22538839855704915,0.4059316207957633,0.26233922530648945
8,0.4934486182071979,0.11774953177587161,0.5355855602089508,0.5184146775823635,0.11474926130298257,0.2607143048532785,0.48764792846669724,0.4792738860739677
7,0.5803269787973806,0.14891492885265362,0.5296634498086458,0.1403112742523975,0.4854820610635144,0.3420762383743396,0.11125801198547829
6,0.3618253101886987,0.20233193797156107,0.4505085483826033,0.41862536458704364,0.13695679678373382,0.5614290627169116
6,0.4435287551011924,0.3917914746299606,0.1888141776639091,0.20972431515998086,0.4541725650156491,0.4391949313691832
6,0.21655423383800493,0.22726355421096672,0.45356238579370345,0.11651878871417774,0.05598296219085448,0.3202519503904793
6,0.19046904633816475,0.2853832403567451,0.5756921033507548,0.24260357140467084,0.4008706338197342,0.10468268574460819
7,0.4450905353360853,0.42928042906258573,0.5240324488909014,0.39322621653072304,0.5559319509515662,0.5370019855877874,0.5596515826313163
8,0.4125041187273476,0.19391528124992122,0.19117293913166203,0.28850094609844784,0.3881222083116703,0.3910258672004798,0.40378234289319725,0.10296470645289676
8,0.26879172700394527,0.12330856887942776,0.6133263115883718,0.35021273782673656,0.08144821453006872,0.4040397082747743,0.4373547147605393,0.1606177032193287
7,0.3219954465353989,0.49808638881214556,0.3048741174978288,0.40214359991684034,0.40663464283352724,0.12472129364059237,0.0823843305526492
8,0.18858831299876833,0.18680623174582575,0.19183037515688725,0.2565553530539148,0.2406494172031958,0.3237649488377482,0.20440484235039746,0.29529559498004826
8,0.04163983665415003,0.28583878332790696,0.5443159405411326,0.3708237379901166,0.2908372171842525,0.09702601351833662,0.12239962683204302,0.03862619165876683
8,0.3730040365513812,0.5411558002342931,0.11999074246692873,0.36431889424285346,0.07501733942740445,0.3070315301777663,0.5216001566292467,0.5362253002182381
8,0.6156879863320699,0.4034934103147812,0.27924359146038746,0.353791118841091,0.19523463373248093,0.4163405691242216,0.31124745537146675,0.4588511074595398
8,0.4269118474868737,0.5492459543523127,0.16410907442929076,0.1841093820367682,0.5297353240250919,0.4256955030847255,0.31341049841135044,0.24969658981021417
7,0.21839890976666726,0.2077233707158887,0.25098041962943196,0.634545906601541,0.1480276019382406,0.45230681584214066,0.38581145069371786
7,0.45608296693292283,0.2825411361840913,0.16316285768435773,0.3740546025937931,0.43343283044389946,0.16427975482960766,0.20637170766021382
8,0.4433679909257495,0.290480773061681,0.20634357257530972,0.4866080815476803,0.5789588045822102,0.2911210483970569,0.47249234792984895,0.4002959658164117
8,0.19511222889008997,0.5401791373704887,0.758156175743805,0.13603625336616565,0.5051313727437416,0.1374362343580108,0.22786688541562702,0.15193112606327722
8,0.17467483693379351,0.072017473674928,0.4482673499596063,0.1247827494083766,0.27539468682257406,0.26204432045641357,0.40000022977126926,0.25245715050167766
8,0.5011825129282581,0.13161897194166144,0.05933090030609559,0.04368795773344078,0.07890083899399956,0.4272491601088389,0.14013265886446014,0.28695280089795067
8,0.25452264509691025,0.10396087466360099,0.22186582335044736,0.2583356028045484,0.45507335814477906,0.1796802264900573,0.3728760449801259,0.27018868835000664
8,0.0630665837702664,0.5034555281258943,0.2541609120092358,0.26064568434395713,0.0983315081997527,0.2924865939240993,0.14910354462464298,0.2621124068105906
8,0.2865571448229208,0.16266863705617546,0.4796287691361494,0.34195521892639047,0.2570462999353904,0.3250508214663569,0.15808863469411522,0.3828685397866357
8,0.28002754324406903,0.25619172466251544,0.5018330797017745,0.03327923304252822,0.45590440631688217,0.15734371188946014,0.44392585944354884,0.5886291984972362
7,0.565420036346004,0.16932861838715327,0.5268896736391196,0.290772872618909,0.2809677991068984,0.14434349517132508,0.39206314792779184
7,0.5223440589515117,0.07265394267202478,0.12863477854364758,0.2575501925048844,0.4588025925480282,0.5253534175728418,0.5997940116854651
7,0.20361501137075533,0.278996872303749,0.11928279641585755,0.07303623523815692,0.5776900638266792,0.3153671212331934,0.14114273970497843
8,0.2492019895039786,0.10451401228476334,0.35667897528991865,0.08271318733515914,0.43419123474383065,0.20840142289172203,0.17562235549075703,0.42349734606010586
8,0.36246353563781364,0.07219169937487749,0.14292634219727993,0.06435609480372512,0.3149055658976043,0.19514308147620463,0.26408406513883254,0.30384005706694034
7,0.39499995554580075,0.21486259479220052,0.4263601177181265,0.5425344661412516,0.1992147243067613,0.29280276427314045,0.24462099531172152
7,0.4234291707677151,0.20231639972361173,0.47533794174702476,0.1621655692501277,0.3496024697782149,0.25580002182221995,0.39508270530484074
7,0.6644466747448715,0.5542384670294724,0.1954563110100454,0.32033334122227347,0.11560193853228899,0.17174223337944228,0.2959001555462757
7,0.4109743081066249,0.48835634229192554,0.28891832184966887,0.32836333558733055,0.3548475349085907,0.18020506785980103,0.20937489975018253
7,0.156318130033057,0.4322042126182934,0.1784899469478845,0.46129495808741,0.17976248115301582,0.06635216533887298,0.2281993772822619
7,0.1598081073588293,0.5705041678113307,0.40499546375471,0.2643791994725348,0.32080603365193755,0.2723043319663544,0.5353223115084024
7,0.34505155613309396,0.37885266280559654,0.28927930872728896,0.43178527054540083,0.41237737253902906,0.29660706378044166,0.34344249318765335
7,0.18034487660015058,0.4020880690393346,0.14580295633537005,0.27967176075556427,0.13750719779606937,0.1506258854362946,0.3407387621615877
7,0.6751273407928181,0.14222296701470946,0.4405479915930291,0.27703431412920276,0.14612491833547303,0.1561527898438023,0.44755985082787764
7,0.30272180978806157,0.17234320411731535,0.08908408550284591,0.2624530882823411,0.09926761680026554,0.15400297232918456,0.41218900017425114
7,0.2714515584218662,0.5834017334759952,0.40524095188756276,0.3260922950544101,0.12799219641508458,0.6991164862796433,0.40340854328978054
7,0.5036076421549727,0.34203674886784835,0.27427120496781826,0.43888281487007674,0.2639197871262946,0.2090028353537986,0.5532362781113157
7,0.24590862409234768,0.2666273545922856,0.4785730001507585,0.46005731164284097,0.07769142207664546,0.48621953742722235,0.311157265234503
6,0.29161609406666017,0.5443194352104825,0.1680983473916748,0.4637756820097869,0.42819828234113744,0.20628246447163018
6,0.21314129976668258,0.3159510477756918,0.1484267783710324,0.48440441019448827,0.1531838103692719,0.10047171386068443
6,0.433268583007825,0.507710975977349,0.25974229368298274,0.13027821027023995,0.4184089286733821,0.3798472043694855
6,0.5381019689644714,0.30008911251418097,0.3383411420652027,0.5271269673128282,0.2459995353958369,0.4120669012134592
5,0.2000363807451551,0.5296601248940331,0.4687508339346273,0.17704370529326802,0.05006337864254658
5,0.5525506945089462,0.3553450253245364,0.418745197837003,0.15418027233562984,0.4312396597431477
5,0.109087534959514,0.14432484091931835,0.2519956142074827,0.061572391307083404,0.4081938101468828
6,0.4742462138996991,0.4719296624945353,0.6004499798135335,0.24776043679163118,0.09851294218951837,0.43416521520370177
5,0.6036283830579673,0.34875748564309844,0.14363210958776204,0.5676266890747746,0.5070886068438247
6,0.38608835603358227,0.14589265844514177,0.11760814259407029,0.1626979564726834,0.19208539850940023,0.35743836342267166
7,0.4640437872121059,0.08664610741227263,0.17774622941035054,0.5447189883610608,0.08496288440676274,0.5246328970607504,0.1751248260771006
6,0.5710406910750051,0.10434373039891226,0.5924510798691283,0.299318742481536,0.264213367146229,0.30077719141781345
8,0.31671557733982625,0.16902194652857044,0.2457176082245234,0.5155768778369165,0.28467044338847736,0.39949662050367785,0.11058884279585363,0.4953685824653202
8,0.49100775640537137,0.19045952670316357,0.5481617606445355,0.13478607902870995,0.18995631476124308,0.2796939667633235,0.620306167211118,0.6413444602546102
7,0.1643984816263313,0.28292113245669553,0.2544974768507348,0.40314999792344475,0.28822338094326466,0.3063070593784478,0.34336219901370313
7,0.3162431265810535,0.30868779826177783,0.1265394999086022,0.43390089033164003,0.32972289988839765,0.5466643186313289,0.18878640913524575
7,0.4830216595898875,0.380832872218659,0.3940410605661894,0.2488939724388652,0.3287627533293477,0.3886698135627373,0.47243580671895347
6,0.10640205822390389,0.0978522867153413,0.5767107953728332,0.26539414307770265,0.38386816927134043,0.3491702940630087
6,0.18309078565782752,0.37068067876682653,0.40853602594333915,0.49367248570591005,0.2960698235272344,0.38317580485065295
6,0.5274910616114599,0.3387030009755951,0.1701786324847314,0.33165219945113006,0.4580099031349871,0.5965029729116591
7,0.020802250132251923,0.3980565460688821,0.39881424546625394,0.5721199944353158,0.4177688957300688,0.3166805732381292,0.1889760731876324
6,0.052859634009399664,0.6401197193319037,0.45342191444174823,0.3123158720525697,0.6178104595065776,0.41992252478028375
6,0.5282988482862475,0.06752347621506663,0.5214521755166907,0.1419303836632193,0.45021532280259674,0.11139769232187553
6,0.2819739097651427,0.07672589511362143,0.2249097913835479,0.14868353032387677,0.34330943859011054,0.40283671020817347
6,0.42920876273412645,0.42207934568041505,0.3169082277335489,0.3854820486236726,0.3299591358491423,0.3739365241603892
